Sell_Min,Sell_Median,Sell_Average,Sell_1st Percentile,Sell_Standard Deviation,Buy_Max,Buy_Median,Buy_Average,Buy_99th Percentile,Buy_Standard Deviation,Item,TypeID,Region,Timestamp
351600.0,400000.0,389951.2,351700.0,27981.57,133900.0,132600.0,117692.22,133900.0,26377.61,Nanofiber Internal Structure II,2605,C-J6MT,2025-11-02 09:07:55
351600.0,400000.0,389983.26,351800.0,27970.69,133900.0,132600.0,117692.22,133900.0,26377.61,Nanofiber Internal Structure II,2605,C-J6MT,2025-11-02 09:19:11
351600.0,400000.0,390047.56,351800.0,27948.76,133900.0,132600.0,117692.22,133900.0,26377.61,Nanofiber Internal Structure II,2605,C-J6MT,2025-11-02 10:19:05
351600.0,400000.0,390071.73,351900.0,27940.48,133900.0,132600.0,117692.22,133900.0,26377.61,Nanofiber Internal Structure II,2605,C-J6MT,2025-11-02 10:58:17
351600.0,400000.0,390071.73,351900.0,27940.48,133900.0,132600.0,117692.22,133900.0,26377.61,Nanofiber Internal Structure II,2605,C-J6MT,2025-11-02 11:10:20
351600.0,400000.0,390128.23,351900.0,27921.03,133900.0,132600.0,117692.22,133900.0,26377.61,Nanofiber Internal Structure II,2605,C-J6MT,2025-11-02 11:15:58
350400.0,400000.0,390253.5,351900.0,27881.6,133900.0,132600.0,117692.22,133900.0,26377.61,Nanofiber Internal Structure II,2605,C-J6MT,2025-11-02 12:35:01
351600.0,400000.0,390286.61,351900.0,27869.49,133900.0,132600.0,117692.22,133900.0,26377.61,Nanofiber Internal Structure II,2605,C-J6MT,2025-11-02 13:24:22
351700.0,400000.0,390368.27,351900.0,27840.71,133900.0,132600.0,117692.22,133900.0,26377.61,Nanofiber Internal Structure II,2605,C-J6MT,2025-11-02 14:17:34
351900.0,400000.0,390737.81,351900.0,27709.45,133900.0,132600.0,117692.22,133900.0,26377.61,Nanofiber Internal Structure II,2605,C-J6MT,2025-11-02 15:19:01
351900.0,400000.0,390929.08,351900.0,27639.8,133900.0,132600.0,117618.77,133900.0,26427.94,Nanofiber Internal Structure II,2605,C-J6MT,2025-11-02 16:21:36
351900.0,400000.0,391164.49,351900.0,27552.16,133900.0,132600.0,117618.77,133900.0,26427.94,Nanofiber Internal Structure II,2605,C-J6MT,2025-11-02 17:17:43
351700.0,400000.0,391071.2,351900.0,27587.6,133900.0,132600.0,117469.86,133900.0,26529.39,Nanofiber Internal Structure II,2605,C-J6MT,2025-11-02 18:24:24
351900.0,400000.0,391419.89,351900.0,27454.67,133900.0,132600.0,117469.86,133900.0,26529.39,Nanofiber Internal Structure II,2605,C-J6MT,2025-11-02 19:16:20
351900.0,400000.0,391592.01,351900.0,27387.54,133900.0,132600.0,117469.86,133900.0,26529.39,Nanofiber Internal Structure II,2605,C-J6MT,2025-11-02 20:20:25
351800.0,400000.0,391738.91,351900.0,27352.89,134000.0,132600.0,117471.57,133900.0,26530.3,Nanofiber Internal Structure II,2605,C-J6MT,2025-11-02 21:17:46
351800.0,400000.0,391826.46,351900.0,27317.65,134100.0,132600.0,117526.62,134100.0,26559.17,Nanofiber Internal Structure II,2605,C-J6MT,2025-11-02 22:18:15
351900.0,400000.0,391887.95,351900.0,27292.74,134100.0,132600.0,117526.62,134100.0,26559.17,Nanofiber Internal Structure II,2605,C-J6MT,2025-11-02 23:17:51
351900.0,400000.0,392099.74,351900.0,27206.25,134100.0,132600.0,117526.62,134100.0,26559.17,Nanofiber Internal Structure II,2605,C-J6MT,2025-11-03 01:26:57
351900.0,400000.0,392376.17,351900.0,27091.12,134100.0,132600.0,117526.62,134100.0,26559.17,Nanofiber Internal Structure II,2605,C-J6MT,2025-11-03 03:18:52
351900.0,400000.0,392457.27,351900.0,27056.63,134100.0,132600.0,117526.62,134100.0,26559.17,Nanofiber Internal Structure II,2605,C-J6MT,2025-11-03 04:29:40
351900.0,400000.0,392484.38,351900.0,27045.04,134100.0,132600.0,117296.2,134100.0,26712.67,Nanofiber Internal Structure II,2605,C-J6MT,2025-11-03 05:21:28
351700.0,400000.0,392062.61,351900.0,27223.13,134100.0,132600.0,117296.2,134100.0,26712.67,Nanofiber Internal Structure II,2605,C-J6MT,2025-11-03 06:31:35
351700.0,400000.0,392062.61,351900.0,27223.13,134100.0,132600.0,117296.2,134100.0,26712.67,Nanofiber Internal Structure II,2605,C-J6MT,2025-11-03 07:21:43
351800.0,400000.0,392151.71,351900.0,27186.02,134100.0,132600.0,117296.2,134100.0,26712.67,Nanofiber Internal Structure II,2605,C-J6MT,2025-11-03 08:28:44
351800.0,400000.0,392187.41,351900.0,27171.1,134100.0,132600.0,117296.2,134100.0,26712.67,Nanofiber Internal Structure II,2605,C-J6MT,2025-11-03 09:24:27
351800.0,400000.0,392196.34,351900.0,27167.36,134100.0,132600.0,117296.2,134100.0,26712.67,Nanofiber Internal Structure II,2605,C-J6MT,2025-11-03 10:24:23
351800.0,400000.0,392232.12,351900.0,27152.34,134200.0,132600.0,117297.36,134100.0,26713.29,Nanofiber Internal Structure II,2605,C-J6MT,2025-11-03 11:18:33
351800.0,400000.0,392267.97,351900.0,27137.25,134200.0,132600.0,117297.36,134100.0,26713.29,Nanofiber Internal Structure II,2605,C-J6MT,2025-11-03 12:40:51
351800.0,400000.0,392267.97,351900.0,27137.25,134200.0,132600.0,117297.36,134100.0,26713.29,Nanofiber Internal Structure II,2605,C-J6MT,2025-11-03 13:32:21
351800.0,400000.0,392348.85,351900.0,27103.01,134200.0,132600.0,117297.36,134100.0,26713.29,Nanofiber Internal Structure II,2605,C-J6MT,2025-11-03 14:21:03
351800.0,400000.0,392439.1,351900.0,27064.49,134200.0,132600.0,117297.36,134100.0,26713.29,Nanofiber Internal Structure II,2605,C-J6MT,2025-11-03 15:22:02
351600.0,400000.0,392061.63,351700.0,27601.82,134200.0,132600.0,117297.36,134100.0,26713.29,Nanofiber Internal Structure II,2605,C-J6MT,2025-11-03 16:23:56
351600.0,400000.0,392124.85,351700.0,27576.15,134200.0,132600.0,117297.36,134100.0,26713.29,Nanofiber Internal Structure II,2605,C-J6MT,2025-11-03 17:19:15
351600.0,400000.0,392188.27,351700.0,27550.23,134300.0,132600.0,117315.61,134300.0,26722.93,Nanofiber Internal Structure II,2605,C-J6MT,2025-11-03 18:28:18
351500.0,400000.0,391782.97,351600.0,27714.14,134300.0,132600.0,117263.01,134300.0,26757.1,Nanofiber Internal Structure II,2605,C-J6MT,2025-11-03 19:17:04
351400.0,400000.0,391834.62,351500.0,27695.4,134300.0,132600.0,117263.01,134300.0,26757.1,Nanofiber Internal Structure II,2605,C-J6MT,2025-11-03 20:24:11
351500.0,400000.0,390994.26,351500.0,28016.67,134300.0,132600.0,117263.01,134300.0,26757.1,Nanofiber Internal Structure II,2605,C-J6MT,2025-11-03 21:20:06
351500.0,400000.0,391080.17,351500.0,27985.06,134300.0,132600.0,117263.01,134300.0,26757.1,Nanofiber Internal Structure II,2605,C-J6MT,2025-11-03 22:20:40
351300.0,400000.0,390976.01,351300.0,28040.32,134300.0,132600.0,117263.01,134300.0,26757.1,Nanofiber Internal Structure II,2605,C-J6MT,2025-11-03 23:18:54
351300.0,400000.0,391087.98,351300.0,27998.95,134300.0,132600.0,117263.01,134300.0,26757.1,Nanofiber Internal Structure II,2605,C-J6MT,2025-11-04 01:23:41
351300.0,400000.0,391561.31,351300.0,27817.51,134300.0,132600.0,117210.09,134300.0,26791.39,Nanofiber Internal Structure II,2605,C-J6MT,2025-11-04 03:11:44
351300.0,400000.0,391676.95,351300.0,27771.88,134300.0,132600.0,117210.09,134300.0,26791.39,Nanofiber Internal Structure II,2605,C-J6MT,2025-11-04 04:23:32
351200.0,400000.0,391632.23,351300.0,27789.74,134400.0,132600.0,117223.17,134400.0,26798.51,Nanofiber Internal Structure II,2605,C-J6MT,2025-11-04 05:20:43
351000.0,400000.0,391022.48,351000.0,28028.03,134400.0,132600.0,117223.17,134400.0,26798.51,Nanofiber Internal Structure II,2605,C-J6MT,2025-11-04 06:30:45
351000.0,400000.0,391144.71,351000.0,27981.41,134400.0,132600.0,117223.17,134400.0,26798.51,Nanofiber Internal Structure II,2605,C-J6MT,2025-11-04 07:20:30
351000.0,400000.0,391214.88,351200.0,27954.39,134400.0,132600.0,117223.17,134400.0,26798.51,Nanofiber Internal Structure II,2605,C-J6MT,2025-11-04 08:27:59
351000.0,400000.0,391241.26,351200.0,27944.18,134400.0,132600.0,117223.17,134400.0,26798.51,Nanofiber Internal Structure II,2605,C-J6MT,2025-11-04 09:24:16
351000.0,400000.0,391276.49,351300.0,27930.51,134400.0,132600.0,117223.17,134400.0,26798.51,Nanofiber Internal Structure II,2605,C-J6MT,2025-11-04 10:24:56
350900.0,400000.0,391244.99,351000.0,27970.12,134500.0,132600.0,117224.91,134400.0,26799.47,Nanofiber Internal Structure II,2605,C-J6MT,2025-11-04 11:19:01
350900.0,400000.0,391289.19,351000.0,27952.89,134500.0,132600.0,117224.91,134400.0,26799.47,Nanofiber Internal Structure II,2605,C-J6MT,2025-11-04 12:42:30
350900.0,400000.0,391333.48,351000.0,27935.54,134500.0,132600.0,117224.91,134400.0,26799.47,Nanofiber Internal Structure II,2605,C-J6MT,2025-11-04 13:35:16
351000.0,400000.0,391511.6,351300.0,27865.08,134400.0,132600.0,117035.6,134400.0,26919.66,Nanofiber Internal Structure II,2605,C-J6MT,2025-11-04 14:21:50
351000.0,400000.0,391583.12,351300.0,27836.6,134400.0,132600.0,117035.6,134400.0,26919.66,Nanofiber Internal Structure II,2605,C-J6MT,2025-11-04 15:22:31
351000.0,400000.0,391609.51,351300.0,27826.49,134400.0,132600.0,117035.6,134400.0,26919.66,Nanofiber Internal Structure II,2605,C-J6MT,2025-11-04 16:25:38
351000.0,400000.0,391726.43,351300.0,27779.4,134400.0,132600.0,117035.6,134400.0,26919.66,Nanofiber Internal Structure II,2605,C-J6MT,2025-11-04 17:17:28
350000.0,400000.0,391743.53,351300.0,27773.36,134400.0,132600.0,117035.6,134400.0,26919.66,Nanofiber Internal Structure II,2605,C-J6MT,2025-11-04 18:29:41
350000.0,400000.0,391797.18,351300.0,27752.07,134400.0,132600.0,116898.24,134400.0,27006.61,Nanofiber Internal Structure II,2605,C-J6MT,2025-11-04 19:16:54
350900.0,400000.0,391843.03,351300.0,27732.81,134400.0,132600.0,116842.68,134400.0,27041.59,Nanofiber Internal Structure II,2605,C-J6MT,2025-11-04 20:24:02
351000.0,400000.0,391888.48,351300.0,27714.11,134400.0,132600.0,116842.68,134400.0,27041.59,Nanofiber Internal Structure II,2605,C-J6MT,2025-11-04 21:19:26
351100.0,400000.0,391979.52,351300.0,27676.56,134400.0,132600.0,116842.68,134400.0,27041.59,Nanofiber Internal Structure II,2605,C-J6MT,2025-11-04 22:20:04
351300.0,400000.0,392125.16,351400.0,27616.65,134400.0,132600.0,116842.68,134400.0,27041.59,Nanofiber Internal Structure II,2605,C-J6MT,2025-11-04 23:20:02
351300.0,400000.0,392152.55,351400.0,27605.32,134400.0,132600.0,116758.69,134300.0,27094.29,Nanofiber Internal Structure II,2605,C-J6MT,2025-11-05 00:09:09
351200.0,400000.0,392134.24,351400.0,27612.94,134500.0,132600.0,117037.07,134500.0,26920.48,Nanofiber Internal Structure II,2605,C-J6MT,2025-11-05 00:19:21
351200.0,400000.0,392134.24,351400.0,27612.94,134500.0,132600.0,117037.07,134500.0,26920.48,Nanofiber Internal Structure II,2605,C-J6MT,2025-11-05 00:30:32
351300.0,400000.0,392189.14,351400.0,27590.13,134500.0,132600.0,117037.07,134500.0,26920.48,Nanofiber Internal Structure II,2605,C-J6MT,2025-11-05 01:25:28
351300.0,400000.0,392326.91,351500.0,27532.47,134500.0,132600.0,116871.83,134500.0,27024.84,Nanofiber Internal Structure II,2605,C-J6MT,2025-11-05 03:12:59
351300.0,400000.0,392363.81,351500.0,27516.9,134500.0,132600.0,116843.87,134500.0,27042.26,Nanofiber Internal Structure II,2605,C-J6MT,2025-11-05 04:24:18
351300.0,400000.0,392419.28,351500.0,27493.39,134500.0,132600.0,116843.87,134500.0,27042.26,Nanofiber Internal Structure II,2605,C-J6MT,2025-11-05 05:21:09
351400.0,400000.0,392521.2,351500.0,27450.03,134500.0,132600.0,116843.87,134500.0,27042.26,Nanofiber Internal Structure II,2605,C-J6MT,2025-11-05 06:31:20
351300.0,400000.0,392595.46,351500.0,27418.37,134500.0,132600.0,116843.87,134500.0,27042.26,Nanofiber Internal Structure II,2605,C-J6MT,2025-11-05 07:21:11
351400.0,400000.0,392660.87,351500.0,27390.08,134500.0,132600.0,116843.87,134500.0,27042.26,Nanofiber Internal Structure II,2605,C-J6MT,2025-11-05 08:27:57
351500.0,400000.0,392744.94,351500.0,27353.8,134500.0,132600.0,116843.87,134500.0,27042.26,Nanofiber Internal Structure II,2605,C-J6MT,2025-11-05 09:22:53
351300.0,400000.0,392708.12,351300.0,27436.66,134500.0,132600.0,116843.87,134500.0,27042.26,Nanofiber Internal Structure II,2605,C-J6MT,2025-11-05 10:23:07
351300.0,400000.0,392811.77,351300.0,27391.5,134500.0,132600.0,116843.87,134500.0,27042.26,Nanofiber Internal Structure II,2605,C-J6MT,2025-11-05 11:19:42
351300.0,400000.0,392859.09,351300.0,27370.73,134500.0,132600.0,116843.87,134500.0,27042.26,Nanofiber Internal Structure II,2605,C-J6MT,2025-11-05 12:41:23
351000.0,400000.0,392358.86,351000.0,27589.78,134500.0,132600.0,116787.66,134500.0,27077.2,Nanofiber Internal Structure II,2605,C-J6MT,2025-11-05 13:18:34
351000.0,400000.0,392358.86,351000.0,27589.78,134500.0,132600.0,116787.66,134500.0,27077.2,Nanofiber Internal Structure II,2605,C-J6MT,2025-11-05 13:34:16
351000.0,400000.0,392424.2,351000.0,27561.78,134500.0,132600.0,116759.43,134300.0,27094.72,Nanofiber Internal Structure II,2605,C-J6MT,2025-11-05 14:21:14
350900.0,400000.0,392043.27,350900.0,27723.75,134500.0,132600.0,116759.43,134300.0,27094.72,Nanofiber Internal Structure II,2605,C-J6MT,2025-11-05 15:21:49
350800.0,400000.0,392043.2,350900.0,27723.84,134500.0,132600.0,116759.43,134300.0,27094.72,Nanofiber Internal Structure II,2605,C-J6MT,2025-11-05 16:27:12
350800.0,400000.0,392043.2,350900.0,27723.84,134500.0,132600.0,116759.43,134300.0,27094.72,Nanofiber Internal Structure II,2605,C-J6MT,2025-11-05 17:20:34
350900.0,400000.0,392163.24,351000.0,27673.41,134500.0,132600.0,116759.43,134300.0,27094.72,Nanofiber Internal Structure II,2605,C-J6MT,2025-11-05 18:29:36
350800.0,376900.0,378825.02,350800.0,30195.45,134500.0,132600.0,116759.43,134300.0,27094.72,Nanofiber Internal Structure II,2605,C-J6MT,2025-11-05 19:17:30
350800.0,376900.0,378927.67,350800.0,30198.76,134500.0,132600.0,116759.43,134300.0,27094.72,Nanofiber Internal Structure II,2605,C-J6MT,2025-11-05 20:23:15
350800.0,376900.0,379048.39,350800.0,30202.19,134500.0,132600.0,116731.1,134300.0,27112.26,Nanofiber Internal Structure II,2605,C-J6MT,2025-11-05 21:20:17
350800.0,376900.0,379292.96,350800.0,30207.66,134500.0,132600.0,116702.69,134300.0,27129.83,Nanofiber Internal Structure II,2605,C-J6MT,2025-11-05 22:19:22
350800.0,376900.0,379618.2,350800.0,30211.86,134500.0,132600.0,116702.69,134300.0,27129.83,Nanofiber Internal Structure II,2605,C-J6MT,2025-11-05 23:19:29
350800.0,376900.0,379767.68,350800.0,30212.61,134500.0,132600.0,116702.69,134300.0,27129.83,Nanofiber Internal Structure II,2605,C-J6MT,2025-11-06 00:15:47
350800.0,376900.0,379822.42,350800.0,30212.7,134500.0,132600.0,116702.69,134300.0,27129.83,Nanofiber Internal Structure II,2605,C-J6MT,2025-11-06 00:54:17
350800.0,376900.0,379872.78,350800.0,30212.69,134500.0,132600.0,116702.69,134300.0,27129.83,Nanofiber Internal Structure II,2605,C-J6MT,2025-11-06 01:25:19
350800.0,376900.0,380698.12,350800.0,30200.67,134500.0,132600.0,116674.18,134300.0,27147.43,Nanofiber Internal Structure II,2605,C-J6MT,2025-11-06 03:16:21
350800.0,376900.0,380987.04,350800.0,30191.16,134500.0,132600.0,116674.18,134300.0,27147.43,Nanofiber Internal Structure II,2605,C-J6MT,2025-11-06 04:27:26
350800.0,376900.0,381106.17,350800.0,30186.44,134500.0,132600.0,116674.18,134300.0,27147.43,Nanofiber Internal Structure II,2605,C-J6MT,2025-11-06 05:21:52
350800.0,376900.0,381352.33,350800.0,30175.21,134500.0,132600.0,116674.18,134300.0,27147.43,Nanofiber Internal Structure II,2605,C-J6MT,2025-11-06 06:31:09
350800.0,376900.0,381499.91,350800.0,30167.52,134500.0,132600.0,116645.59,134300.0,27165.06,Nanofiber Internal Structure II,2605,C-J6MT,2025-11-06 07:20:10
350800.0,377000.0,381893.1,350800.0,30143.93,134500.0,132600.0,116645.59,134300.0,27165.06,Nanofiber Internal Structure II,2605,C-J6MT,2025-11-06 08:27:47
350700.0,377000.0,381997.73,350800.0,30137.28,134500.0,132600.0,116645.59,134300.0,27165.06,Nanofiber Internal Structure II,2605,C-J6MT,2025-11-06 09:22:52
350800.0,377000.0,382301.8,350800.0,30114.1,134500.0,132600.0,116645.59,134300.0,27165.06,Nanofiber Internal Structure II,2605,C-J6MT,2025-11-06 10:24:23
350800.0,379200.0,383000.76,350800.0,30049.62,134300.0,132600.0,116616.9,134300.0,27182.72,Nanofiber Internal Structure II,2605,C-J6MT,2025-11-06 12:29:18
350800.0,379200.0,383000.76,350800.0,30049.62,134300.0,132600.0,116616.9,134300.0,27182.72,Nanofiber Internal Structure II,2605,C-J6MT,2025-11-06 12:40:19
348900.0,377000.0,382191.37,348900.0,30150.88,134300.0,132600.0,116616.9,134300.0,27182.72,Nanofiber Internal Structure II,2605,C-J6MT,2025-11-06 13:33:11
348900.0,379200.0,382449.43,350700.0,30115.62,134300.0,132600.0,116616.9,134300.0,27182.72,Nanofiber Internal Structure II,2605,C-J6MT,2025-11-06 14:21:29
348900.0,379200.0,382606.19,350700.0,30093.14,134300.0,132600.0,116616.9,134300.0,27182.72,Nanofiber Internal Structure II,2605,C-J6MT,2025-11-06 15:23:52
350700.0,379200.0,382764.97,350700.0,30074.29,134300.0,132600.0,116616.9,134300.0,27182.72,Nanofiber Internal Structure II,2605,C-J6MT,2025-11-06 16:27:25
350700.0,379200.0,383045.49,350800.0,30045.25,134300.0,132600.0,116616.9,134300.0,27182.72,Nanofiber Internal Structure II,2605,C-J6MT,2025-11-06 17:21:01
350800.0,379200.0,383382.13,350800.0,30007.68,134300.0,132600.0,116616.9,134300.0,27182.72,Nanofiber Internal Structure II,2605,C-J6MT,2025-11-06 18:30:00
350800.0,379200.0,383584.97,350800.0,29983.42,134300.0,132600.0,116415.59,134100.0,27308.39,Nanofiber Internal Structure II,2605,C-J6MT,2025-11-06 19:17:43
350600.0,379200.0,383315.58,350700.0,30070.12,134300.0,132600.0,116415.59,134100.0,27308.39,Nanofiber Internal Structure II,2605,C-J6MT,2025-11-06 20:23:42
350600.0,379200.0,383583.79,350700.0,30037.23,134300.0,132600.0,116415.59,134100.0,27308.39,Nanofiber Internal Structure II,2605,C-J6MT,2025-11-06 21:19:47
350700.0,379200.0,383760.57,350700.0,30014.73,134300.0,132600.0,116415.59,134100.0,27308.39,Nanofiber Internal Structure II,2605,C-J6MT,2025-11-06 22:19:46
350700.0,379200.0,383939.22,350700.0,29990.99,134300.0,132600.0,116415.59,134100.0,27308.39,Nanofiber Internal Structure II,2605,C-J6MT,2025-11-06 23:19:36
350700.0,383000.0,384332.98,350700.0,29934.96,134100.0,132600.0,116327.9,134100.0,27362.71,Nanofiber Internal Structure II,2605,C-J6MT,2025-11-07 01:24:37
350700.0,383000.0,384480.74,350700.0,29912.62,134100.0,132600.0,116327.9,134100.0,27362.71,Nanofiber Internal Structure II,2605,C-J6MT,2025-11-07 03:12:36
350700.0,400000.0,384786.48,350700.0,29864.09,134100.0,132600.0,116327.9,134100.0,27362.71,Nanofiber Internal Structure II,2605,C-J6MT,2025-11-07 04:23:02
350700.0,400000.0,384843.23,350700.0,29854.74,134100.0,132600.0,116327.9,134100.0,27362.71,Nanofiber Internal Structure II,2605,C-J6MT,2025-11-07 05:21:02
350700.0,400000.0,384957.32,350700.0,29835.63,134100.0,132600.0,116327.9,134100.0,27362.71,Nanofiber Internal Structure II,2605,C-J6MT,2025-11-07 06:31:12
350700.0,400000.0,385207.13,350800.0,29792.27,134100.0,132600.0,116327.9,134100.0,27362.71,Nanofiber Internal Structure II,2605,C-J6MT,2025-11-07 08:28:20
350700.0,400000.0,385310.68,350800.0,29773.69,134100.0,132600.0,116327.9,134100.0,27362.71,Nanofiber Internal Structure II,2605,C-J6MT,2025-11-07 09:21:09
350700.0,400000.0,385356.18,350800.0,29765.41,134200.0,132600.0,116615.4,134200.0,27181.87,Nanofiber Internal Structure II,2605,C-J6MT,2025-11-07 10:23:32
350700.0,400000.0,385443.11,350800.0,29753.15,134200.0,132600.0,116615.4,134200.0,27181.87,Nanofiber Internal Structure II,2605,C-J6MT,2025-11-07 11:18:09
350600.0,379200.0,383984.58,350600.0,29992.38,134200.0,132600.0,116615.4,134200.0,27181.87,Nanofiber Internal Structure II,2605,C-J6MT,2025-11-07 12:40:12
350600.0,383000.0,384313.07,350600.0,29944.64,134200.0,132600.0,116558.64,134200.0,27217.79,Nanofiber Internal Structure II,2605,C-J6MT,2025-11-07 13:30:17
350500.0,383000.0,384306.54,350600.0,29945.97,134200.0,132600.0,116558.64,134200.0,27217.79,Nanofiber Internal Structure II,2605,C-J6MT,2025-11-07 14:21:31
350600.0,397800.0,384548.12,350600.0,29908.29,134200.0,132600.0,116558.64,134200.0,27217.79,Nanofiber Internal Structure II,2605,C-J6MT,2025-11-07 15:21:27
350600.0,400000.0,384685.71,350600.0,29886.17,134200.0,132600.0,116558.64,134200.0,27217.79,Nanofiber Internal Structure II,2605,C-J6MT,2025-11-07 16:21:42
350500.0,400000.0,384647.88,350600.0,29892.49,134200.0,132600.0,116558.64,134200.0,27217.79,Nanofiber Internal Structure II,2605,C-J6MT,2025-11-07 17:18:36
350400.0,383000.0,384409.84,350600.0,29931.54,134200.0,132600.0,116558.64,134200.0,27217.79,Nanofiber Internal Structure II,2605,C-J6MT,2025-11-07 18:28:03
350600.0,400000.0,384736.01,350600.0,29877.92,134200.0,132600.0,116530.12,134200.0,27235.8,Nanofiber Internal Structure II,2605,C-J6MT,2025-11-07 19:17:38
350500.0,400000.0,384799.03,350600.0,29867.55,134200.0,132600.0,116530.12,134200.0,27235.8,Nanofiber Internal Structure II,2605,C-J6MT,2025-11-07 20:21:06
350600.0,400000.0,384957.87,350600.0,29840.56,134200.0,132600.0,116530.12,134200.0,27235.8,Nanofiber Internal Structure II,2605,C-J6MT,2025-11-07 21:15:35
350600.0,400000.0,385060.25,350600.0,29822.77,134200.0,132600.0,116530.12,134200.0,27235.8,Nanofiber Internal Structure II,2605,C-J6MT,2025-11-07 22:19:54
350600.0,400000.0,385150.34,350700.0,29806.83,134200.0,132600.0,116530.12,134200.0,27235.8,Nanofiber Internal Structure II,2605,C-J6MT,2025-11-07 23:18:43
350700.0,400000.0,385482.41,350800.0,29745.84,134200.0,132600.0,116530.12,134200.0,27235.8,Nanofiber Internal Structure II,2605,C-J6MT,2025-11-08 01:20:27
350800.0,400000.0,385633.74,350800.0,29717.3,134200.0,132600.0,116530.12,134200.0,27235.8,Nanofiber Internal Structure II,2605,C-J6MT,2025-11-08 03:03:35
350800.0,400000.0,385892.8,350800.0,29667.2,134200.0,132600.0,116530.12,134200.0,27235.8,Nanofiber Internal Structure II,2605,C-J6MT,2025-11-08 04:23:06
350800.0,400000.0,386067.66,350800.0,29632.12,134200.0,132600.0,116530.12,134200.0,27235.8,Nanofiber Internal Structure II,2605,C-J6MT,2025-11-08 05:20:04
350800.0,400000.0,386074.42,350800.0,29630.74,134100.0,132600.0,116327.9,134100.0,27362.71,Nanofiber Internal Structure II,2605,C-J6MT,2025-11-08 06:27:19
350800.0,400000.0,386115.03,350800.0,29622.44,134100.0,132600.0,116327.9,134100.0,27362.71,Nanofiber Internal Structure II,2605,C-J6MT,2025-11-08 07:19:12
350700.0,400000.0,386128.55,350800.0,29619.7,134200.0,132600.0,116615.4,134200.0,27181.87,Nanofiber Internal Structure II,2605,C-J6MT,2025-11-08 08:23:50
350700.0,397800.0,384542.93,350700.0,29908.16,134200.0,132600.0,116587.06,134200.0,27199.82,Nanofiber Internal Structure II,2605,C-J6MT,2025-11-08 09:19:10
350700.0,400000.0,384598.89,350700.0,29899.41,134200.0,132600.0,116587.06,134200.0,27199.82,Nanofiber Internal Structure II,2605,C-J6MT,2025-11-08 10:19:23
350700.0,400000.0,384642.54,350700.0,29892.51,134200.0,132600.0,116587.06,134200.0,27199.82,Nanofiber Internal Structure II,2605,C-J6MT,2025-11-08 11:16:25
350700.0,400000.0,384843.53,350700.0,29859.91,134200.0,132600.0,116587.06,134200.0,27199.82,Nanofiber Internal Structure II,2605,C-J6MT,2025-11-08 12:35:43
350700.0,400000.0,384944.92,350700.0,29842.96,134200.0,132600.0,116587.06,134200.0,27199.82,Nanofiber Internal Structure II,2605,C-J6MT,2025-11-08 13:24:58
350700.0,400000.0,385078.91,350700.0,29820.04,134200.0,132600.0,116587.06,134200.0,27199.82,Nanofiber Internal Structure II,2605,C-J6MT,2025-11-08 14:18:12
350700.0,400000.0,385265.68,350700.0,29787.09,134200.0,132600.0,116558.64,134200.0,27217.79,Nanofiber Internal Structure II,2605,C-J6MT,2025-11-08 15:19:25
350600.0,400000.0,384734.72,350600.0,29879.31,134200.0,132600.0,116558.64,134200.0,27217.79,Nanofiber Internal Structure II,2605,C-J6MT,2025-11-08 16:23:08
350600.0,400000.0,385052.53,350700.0,29825.31,134200.0,132600.0,116558.64,134200.0,27217.79,Nanofiber Internal Structure II,2605,C-J6MT,2025-11-08 17:17:25
300000.0,400000.0,384835.07,350700.0,30157.7,134200.0,132600.0,116501.51,134200.0,27253.83,Nanofiber Internal Structure II,2605,C-J6MT,2025-11-08 18:25:56
350600.0,400000.0,385194.24,350700.0,29800.15,134200.0,132600.0,116501.51,134200.0,27253.83,Nanofiber Internal Structure II,2605,C-J6MT,2025-11-08 19:16:06
350700.0,400000.0,385317.56,350700.0,29777.73,134200.0,132600.0,116501.51,134200.0,27253.83,Nanofiber Internal Structure II,2605,C-J6MT,2025-11-08 20:21:00
350700.0,400000.0,385533.21,350700.0,29737.88,134200.0,132600.0,116501.51,134200.0,27253.83,Nanofiber Internal Structure II,2605,C-J6MT,2025-11-08 21:17:14
350700.0,400000.0,385678.48,350700.0,29710.16,134200.0,132600.0,116444.02,134100.0,27290.0,Nanofiber Internal Structure II,2605,C-J6MT,2025-11-08 22:17:31
350000.0,400000.0,385670.74,350700.0,29712.68,134200.0,132600.0,116386.15,134100.0,27326.29,Nanofiber Internal Structure II,2605,C-J6MT,2025-11-08 23:17:41
350700.0,400000.0,385912.11,350800.0,29664.09,134200.0,132600.0,116386.15,134100.0,27326.29,Nanofiber Internal Structure II,2605,C-J6MT,2025-11-09 01:28:40
350800.0,400000.0,386264.75,350800.0,29591.34,134200.0,132600.0,116386.15,134100.0,27326.29,Nanofiber Internal Structure II,2605,C-J6MT,2025-11-09 03:14:42
350700.0,400000.0,386353.78,350800.0,29572.53,134200.0,132600.0,116386.15,134100.0,27326.29,Nanofiber Internal Structure II,2605,C-J6MT,2025-11-09 04:22:47
350800.0,400000.0,386436.44,350800.0,29554.75,134200.0,132600.0,116386.15,134100.0,27326.29,Nanofiber Internal Structure II,2605,C-J6MT,2025-11-09 05:19:38
350800.0,400000.0,386498.66,350800.0,29541.25,134200.0,132600.0,116386.15,134100.0,27326.29,Nanofiber Internal Structure II,2605,C-J6MT,2025-11-09 06:28:09
350700.0,400000.0,385730.53,350700.0,29701.03,134200.0,132600.0,116386.15,134100.0,27326.29,Nanofiber Internal Structure II,2605,C-J6MT,2025-11-09 07:19:11
350700.0,400000.0,385810.52,350700.0,29685.33,134200.0,132600.0,116386.15,134100.0,27326.29,Nanofiber Internal Structure II,2605,C-J6MT,2025-11-09 08:23:27
350700.0,400000.0,385890.88,350700.0,29669.34,134200.0,132600.0,116386.15,134100.0,27326.29,Nanofiber Internal Structure II,2605,C-J6MT,2025-11-09 09:19:00
350700.0,400000.0,385964.86,350700.0,29654.43,134200.0,132600.0,116386.15,134100.0,27326.29,Nanofiber Internal Structure II,2605,C-J6MT,2025-11-09 10:19:03
350700.0,400000.0,386093.38,350700.0,29628.08,134200.0,132600.0,116386.15,134100.0,27326.29,Nanofiber Internal Structure II,2605,C-J6MT,2025-11-09 11:15:50
350700.0,400000.0,386298.23,350800.0,29584.95,134200.0,132600.0,116386.15,134100.0,27326.29,Nanofiber Internal Structure II,2605,C-J6MT,2025-11-09 12:36:23
350700.0,400000.0,386470.76,350800.0,29547.53,134200.0,132600.0,116386.15,134100.0,27326.29,Nanofiber Internal Structure II,2605,C-J6MT,2025-11-09 13:26:02
350800.0,400000.0,386554.14,350800.0,29529.1,134200.0,132600.0,116386.15,134100.0,27326.29,Nanofiber Internal Structure II,2605,C-J6MT,2025-11-09 14:17:00
350800.0,400000.0,386693.61,350800.0,29498.09,134200.0,132600.0,116386.15,134100.0,27326.29,Nanofiber Internal Structure II,2605,C-J6MT,2025-11-09 15:18:23
350800.0,400000.0,386911.95,350800.0,29448.23,134200.0,132600.0,116386.15,134100.0,27326.29,Nanofiber Internal Structure II,2605,C-J6MT,2025-11-09 16:22:03
350800.0,400000.0,387183.24,350800.0,29384.01,134200.0,132600.0,116386.15,134100.0,27326.29,Nanofiber Internal Structure II,2605,C-J6MT,2025-11-09 17:16:18
350800.0,400000.0,387334.91,350800.0,29347.02,134200.0,132600.0,116386.15,134100.0,27326.29,Nanofiber Internal Structure II,2605,C-J6MT,2025-11-09 18:25:33
350800.0,400000.0,387583.18,350800.0,29284.76,134200.0,132600.0,116386.15,134100.0,27326.29,Nanofiber Internal Structure II,2605,C-J6MT,2025-11-09 19:15:31
350800.0,400000.0,387797.62,350800.0,29229.29,134200.0,132600.0,116386.15,134100.0,27326.29,Nanofiber Internal Structure II,2605,C-J6MT,2025-11-09 20:20:43
350800.0,400000.0,388044.7,350800.0,29163.4,134200.0,132600.0,116386.15,134100.0,27326.29,Nanofiber Internal Structure II,2605,C-J6MT,2025-11-09 21:17:19
350800.0,400000.0,388249.32,350800.0,29107.23,134100.0,132600.0,116327.9,134100.0,27362.71,Nanofiber Internal Structure II,2605,C-J6MT,2025-11-09 22:19:33
350800.0,400000.0,388394.66,350800.0,29066.45,134100.0,132600.0,116327.9,134100.0,27362.71,Nanofiber Internal Structure II,2605,C-J6MT,2025-11-09 23:18:37
350800.0,400000.0,388782.59,350800.0,28953.98,134100.0,132600.0,116298.79,134100.0,27381.05,Nanofiber Internal Structure II,2605,C-J6MT,2025-11-10 01:27:41
350800.0,400000.0,388979.56,350800.0,28894.84,134100.0,132600.0,116298.79,134100.0,27381.05,Nanofiber Internal Structure II,2605,C-J6MT,2025-11-10 03:20:38
350800.0,400000.0,389003.34,350800.0,28887.61,134100.0,132600.0,116298.79,134100.0,27381.05,Nanofiber Internal Structure II,2605,C-J6MT,2025-11-10 04:28:22
350800.0,400000.0,389003.34,350800.0,28887.61,134100.0,132600.0,116298.79,134100.0,27381.05,Nanofiber Internal Structure II,2605,C-J6MT,2025-11-10 05:21:56
350800.0,400000.0,389019.21,350800.0,28882.77,134100.0,132600.0,116240.27,134100.0,27417.83,Nanofiber Internal Structure II,2605,C-J6MT,2025-11-10 06:32:39
350800.0,400000.0,389050.98,350800.0,28873.06,134100.0,132600.0,116210.87,134100.0,27436.27,Nanofiber Internal Structure II,2605,C-J6MT,2025-11-10 07:21:10
350800.0,400000.0,389058.93,350800.0,28870.62,134100.0,132600.0,116210.87,134100.0,27436.27,Nanofiber Internal Structure II,2605,C-J6MT,2025-11-10 08:28:54
350800.0,400000.0,389114.68,350800.0,28853.48,134100.0,132600.0,116210.87,134100.0,27436.27,Nanofiber Internal Structure II,2605,C-J6MT,2025-11-10 09:24:30
350800.0,400000.0,389146.61,350800.0,28843.61,134100.0,132600.0,116210.87,134100.0,27436.27,Nanofiber Internal Structure II,2605,C-J6MT,2025-11-10 10:23:47
325000.0,400000.0,388633.55,350800.0,29283.38,134200.0,132600.0,116502.12,134200.0,27254.17,Nanofiber Internal Structure II,2605,C-J6MT,2025-11-10 11:18:49
325000.0,400000.0,388797.84,350800.0,29148.15,134200.0,132600.0,116502.12,134200.0,27254.17,Nanofiber Internal Structure II,2605,C-J6MT,2025-11-10 12:41:11
324900.0,400000.0,387889.67,324900.0,29880.52,134200.0,132600.0,116502.12,134200.0,27254.17,Nanofiber Internal Structure II,2605,C-J6MT,2025-11-10 13:33:07
324800.0,400000.0,387742.65,324900.0,29995.67,134200.0,132600.0,116328.51,134100.0,27363.05,Nanofiber Internal Structure II,2605,C-J6MT,2025-11-10 14:21:28
324800.0,400000.0,387782.65,324900.0,29964.47,134100.0,132600.0,116210.87,134100.0,27436.27,Nanofiber Internal Structure II,2605,C-J6MT,2025-11-10 15:23:05
324800.0,400000.0,387862.79,324900.0,29901.74,134100.0,132600.0,116210.87,134100.0,27436.27,Nanofiber Internal Structure II,2605,C-J6MT,2025-11-10 16:27:07
324900.0,400000.0,388212.0,325000.0,29625.24,134100.0,132600.0,116210.87,134100.0,27436.27,Nanofiber Internal Structure II,2605,C-J6MT,2025-11-10 17:19:16
324900.0,400000.0,388633.24,350800.0,29283.94,134100.0,132600.0,116181.37,134100.0,27454.74,Nanofiber Internal Structure II,2605,C-J6MT,2025-11-10 18:28:54
324900.0,400000.0,388674.31,350800.0,29250.2,134100.0,132600.0,116181.37,134100.0,27454.74,Nanofiber Internal Structure II,2605,C-J6MT,2025-11-10 19:18:24
324600.0,400000.0,386291.27,324700.0,31084.44,134100.0,132600.0,116181.37,134100.0,27454.74,Nanofiber Internal Structure II,2605,C-J6MT,2025-11-10 20:24:04
324600.0,400000.0,386419.17,324700.0,30992.38,134100.0,132600.0,116032.42,134100.0,27547.58,Nanofiber Internal Structure II,2605,C-J6MT,2025-11-10 21:19:56
324600.0,400000.0,386650.73,324700.0,30823.9,134100.0,132600.0,116032.42,134100.0,27547.58,Nanofiber Internal Structure II,2605,C-J6MT,2025-11-10 22:21:20
324700.0,400000.0,386988.16,324700.0,30574.28,134100.0,132600.0,115972.14,134100.0,27584.95,Nanofiber Internal Structure II,2605,C-J6MT,2025-11-10 23:20:43
324600.0,400000.0,387050.79,324700.0,30790.5,134100.0,132600.0,115850.37,134100.0,27660.07,Nanofiber Internal Structure II,2605,C-J6MT,2025-11-11 01:25:59
324700.0,400000.0,387648.1,324700.0,30340.17,134100.0,132600.0,115819.67,134100.0,27678.93,Nanofiber Internal Structure II,2605,C-J6MT,2025-11-11 03:15:27
324700.0,400000.0,387755.33,324700.0,30257.74,134100.0,132600.0,115819.67,134100.0,27678.93,Nanofiber Internal Structure II,2605,C-J6MT,2025-11-11 04:25:22
324700.0,400000.0,387822.54,324700.0,30205.81,134100.0,132600.0,115695.84,134100.0,27754.72,Nanofiber Internal Structure II,2605,C-J6MT,2025-11-11 05:21:00
324700.0,400000.0,387984.43,324700.0,30079.85,134100.0,132600.0,115695.84,134100.0,27754.72,Nanofiber Internal Structure II,2605,C-J6MT,2025-11-11 06:31:57
324700.0,400000.0,388242.45,324700.0,29876.53,134100.0,132600.0,115695.84,134100.0,27754.72,Nanofiber Internal Structure II,2605,C-J6MT,2025-11-11 07:20:58
324700.0,400000.0,388379.1,324700.0,29767.56,134100.0,132600.0,115695.84,134100.0,27754.72,Nanofiber Internal Structure II,2605,C-J6MT,2025-11-11 08:28:05
324700.0,400000.0,388447.64,324700.0,29712.55,134100.0,132600.0,115695.84,134100.0,27754.72,Nanofiber Internal Structure II,2605,C-J6MT,2025-11-11 09:23:27
324700.0,400000.0,388530.08,324900.0,29646.09,134100.0,132600.0,115695.84,134100.0,27754.72,Nanofiber Internal Structure II,2605,C-J6MT,2025-11-11 10:23:18
324700.0,400000.0,388543.85,324900.0,29634.96,134100.0,132600.0,115695.84,134100.0,27754.72,Nanofiber Internal Structure II,2605,C-J6MT,2025-11-11 11:19:37
324700.0,400000.0,388598.95,324900.0,29590.31,134100.0,132600.0,115695.84,134100.0,27754.72,Nanofiber Internal Structure II,2605,C-J6MT,2025-11-11 12:40:13
324700.0,400000.0,388681.79,325000.0,29522.91,134100.0,132600.0,115695.84,134100.0,27754.72,Nanofiber Internal Structure II,2605,C-J6MT,2025-11-11 13:31:51
324700.0,400000.0,389015.29,350800.0,29248.08,134100.0,132600.0,115664.62,134100.0,27773.74,Nanofiber Internal Structure II,2605,C-J6MT,2025-11-11 14:21:22
324700.0,400000.0,389113.21,350800.0,29166.31,134100.0,132600.0,115664.62,134100.0,27773.74,Nanofiber Internal Structure II,2605,C-J6MT,2025-11-11 15:22:14
324500.0,379200.0,377705.82,324600.0,30301.59,134100.0,132600.0,115664.62,134100.0,27773.74,Nanofiber Internal Structure II,2605,C-J6MT,2025-11-11 16:26:07
324600.0,379200.0,377820.14,324600.0,30234.21,134100.0,132600.0,115664.62,134100.0,27773.74,Nanofiber Internal Structure II,2605,C-J6MT,2025-11-11 17:19:18
324600.0,379200.0,377705.89,324600.0,30301.48,134100.0,132600.0,115664.62,134100.0,27773.74,Nanofiber Internal Structure II,2605,C-J6MT,2025-11-11 18:29:14
324600.0,379200.0,377946.39,324600.0,30159.28,134100.0,132600.0,115570.33,134100.0,27831.03,Nanofiber Internal Structure II,2605,C-J6MT,2025-11-11 19:17:21
324600.0,379200.0,378282.1,324600.0,29956.9,134100.0,132600.0,115570.33,134100.0,27831.03,Nanofiber Internal Structure II,2605,C-J6MT,2025-11-11 20:22:51
324600.0,379200.0,378363.76,324600.0,29906.97,134100.0,132600.0,115570.33,134100.0,27831.03,Nanofiber Internal Structure II,2605,C-J6MT,2025-11-11 21:20:04
323600.0,379200.0,378410.07,324600.0,29879.0,134100.0,132600.0,115570.33,134100.0,27831.03,Nanofiber Internal Structure II,2605,C-J6MT,2025-11-11 22:20:04
324600.0,379200.0,378657.46,324600.0,29725.16,134100.0,132600.0,115570.33,134100.0,27831.03,Nanofiber Internal Structure II,2605,C-J6MT,2025-11-11 23:19:16
324600.0,379200.0,379146.12,324600.0,29414.66,134100.0,132600.0,115411.01,134100.0,27927.18,Nanofiber Internal Structure II,2605,C-J6MT,2025-11-12 01:24:51
324500.0,379200.0,378556.22,324600.0,29602.68,134100.0,132600.0,115017.27,134100.0,28161.4,Nanofiber Internal Structure II,2605,C-J6MT,2025-11-12 03:14:02
324200.0,379200.0,378661.96,324600.0,29535.95,134100.0,132600.0,115017.27,134100.0,28161.4,Nanofiber Internal Structure II,2605,C-J6MT,2025-11-12 04:25:56
324500.0,379200.0,378851.16,324600.0,29415.19,134100.0,132600.0,115017.27,134100.0,28161.4,Nanofiber Internal Structure II,2605,C-J6MT,2025-11-12 05:22:13
324500.0,379200.0,378958.12,324600.0,29346.28,134100.0,132600.0,115017.27,134100.0,28161.4,Nanofiber Internal Structure II,2605,C-J6MT,2025-11-12 06:30:47
324500.0,379200.0,379005.8,324600.0,29315.41,134100.0,132600.0,115017.27,134100.0,28161.4,Nanofiber Internal Structure II,2605,C-J6MT,2025-11-12 07:21:38
324500.0,379200.0,379041.61,324600.0,29292.16,134100.0,132600.0,115017.27,134100.0,28161.4,Nanofiber Internal Structure II,2605,C-J6MT,2025-11-12 08:28:05
324600.0,379200.0,379077.42,324600.0,29268.89,134100.0,132600.0,115017.27,134100.0,28161.4,Nanofiber Internal Structure II,2605,C-J6MT,2025-11-12 09:23:16
324600.0,379200.0,379353.36,324600.0,29087.95,134100.0,132600.0,115017.27,134100.0,28161.4,Nanofiber Internal Structure II,2605,C-J6MT,2025-11-12 10:23:40
324600.0,379200.0,379449.99,324600.0,29023.8,134100.0,132600.0,115017.27,134100.0,28161.4,Nanofiber Internal Structure II,2605,C-J6MT,2025-11-12 11:18:45
324600.0,379200.0,379486.31,324600.0,28999.57,134100.0,132600.0,115017.27,134100.0,28161.4,Nanofiber Internal Structure II,2605,C-J6MT,2025-11-12 12:42:09
324500.0,379200.0,379425.66,324600.0,29040.13,134200.0,132600.0,115348.12,134200.0,27966.82,Nanofiber Internal Structure II,2605,C-J6MT,2025-11-12 13:34:31
324600.0,379200.0,379790.9,324600.0,28794.14,134400.0,132600.0,118408.66,134400.0,25074.49,Nanofiber Internal Structure II,2605,C-J6MT,2025-11-12 14:21:50
324600.0,379200.0,379815.41,324600.0,28777.43,324600.0,132600.0,118582.35,134400.0,26218.26,Nanofiber Internal Structure II,2605,C-J6MT,2025-11-12 15:23:47
324600.0,379200.0,379999.95,324600.0,28650.72,134400.0,132600.0,118408.66,134400.0,25074.49,Nanofiber Internal Structure II,2605,C-J6MT,2025-11-12 16:28:09
324500.0,379200.0,378968.12,324500.0,29341.69,134400.0,132600.0,118408.66,134400.0,25074.49,Nanofiber Internal Structure II,2605,C-J6MT,2025-11-12 17:22:07
324500.0,379200.0,379195.41,324500.0,29193.54,134400.0,132600.0,118408.66,134400.0,25074.49,Nanofiber Internal Structure II,2605,C-J6MT,2025-11-12 18:29:43
324500.0,379200.0,379243.5,324500.0,29161.9,134400.0,132600.0,118298.75,134300.0,25144.25,Nanofiber Internal Structure II,2605,C-J6MT,2025-11-12 19:17:34
324400.0,379200.0,379147.12,324500.0,29225.48,134400.0,132600.0,118298.75,134300.0,25144.25,Nanofiber Internal Structure II,2605,C-J6MT,2025-11-12 20:24:15
320000.0,379200.0,377806.75,324300.0,30094.21,134400.0,132600.0,118298.75,134300.0,25144.25,Nanofiber Internal Structure II,2605,C-J6MT,2025-11-12 21:20:47
320000.0,379200.0,378032.01,324300.0,29939.36,134500.0,132600.0,118261.08,134500.0,25176.07,Nanofiber Internal Structure II,2605,C-J6MT,2025-11-12 22:20:24
324300.0,379200.0,378161.45,324300.0,29857.85,134500.0,132600.0,118261.08,134500.0,25176.07,Nanofiber Internal Structure II,2605,C-J6MT,2025-11-12 23:20:52
324300.0,379200.0,378416.51,324300.0,29700.8,134500.0,132600.0,118238.67,134500.0,25190.06,Nanofiber Internal Structure II,2605,C-J6MT,2025-11-13 01:25:32
324300.0,379200.0,379032.99,324300.0,29306.17,134500.0,132600.0,118238.67,134500.0,25190.06,Nanofiber Internal Structure II,2605,C-J6MT,2025-11-13 03:16:40
324200.0,379200.0,379160.9,324200.0,29226.46,134500.0,132600.0,118238.67,134500.0,25190.06,Nanofiber Internal Structure II,2605,C-J6MT,2025-11-13 04:27:04
324200.0,379200.0,379366.32,324200.0,29090.36,134500.0,132600.0,118171.08,134500.0,25232.15,Nanofiber Internal Structure II,2605,C-J6MT,2025-11-13 05:21:11
324200.0,379200.0,379488.2,324200.0,29008.4,134500.0,132600.0,118171.08,134500.0,25232.15,Nanofiber Internal Structure II,2605,C-J6MT,2025-11-13 06:31:48
324200.0,379200.0,379573.84,324300.0,28950.43,134500.0,132600.0,118171.08,134500.0,25232.15,Nanofiber Internal Structure II,2605,C-J6MT,2025-11-13 07:20:43
324200.0,379200.0,379782.92,324300.0,28807.48,134500.0,132600.0,118171.08,134500.0,25232.15,Nanofiber Internal Structure II,2605,C-J6MT,2025-11-13 08:27:26
324100.0,379200.0,379758.17,324300.0,28824.58,134600.0,132600.0,118171.86,134500.0,25232.59,Nanofiber Internal Structure II,2605,C-J6MT,2025-11-13 09:24:14
324200.0,379200.0,379795.27,324300.0,28798.98,134600.0,132600.0,118171.86,134500.0,25232.59,Nanofiber Internal Structure II,2605,C-J6MT,2025-11-13 10:23:35
324200.0,379200.0,379832.34,324300.0,28773.4,134600.0,132600.0,118171.86,134500.0,25232.59,Nanofiber Internal Structure II,2605,C-J6MT,2025-11-13 11:19:13
324200.0,379200.0,379894.25,324300.0,28730.56,134600.0,132600.0,118171.86,134500.0,25232.59,Nanofiber Internal Structure II,2605,C-J6MT,2025-11-13 12:41:46
320000.0,379200.0,380077.72,324600.0,28605.77,134600.0,132600.0,118171.86,134500.0,25232.59,Nanofiber Internal Structure II,2605,C-J6MT,2025-11-13 13:35:20
324300.0,379200.0,380230.8,324600.0,28494.67,134600.0,132600.0,118171.86,134500.0,25232.59,Nanofiber Internal Structure II,2605,C-J6MT,2025-11-13 14:20:54
324300.0,379200.0,380419.24,324600.0,28360.58,134600.0,132600.0,118171.86,134500.0,25232.59,Nanofiber Internal Structure II,2605,C-J6MT,2025-11-13 15:23:22
323900.0,377000.0,376772.74,323900.0,30704.2,134600.0,132600.0,118171.86,134500.0,25232.59,Nanofiber Internal Structure II,2605,C-J6MT,2025-11-13 16:26:07
323900.0,377000.0,376895.32,323900.0,30634.25,134600.0,132600.0,118171.86,134500.0,25232.59,Nanofiber Internal Structure II,2605,C-J6MT,2025-11-13 17:21:07
323900.0,377000.0,377153.48,323900.0,30485.03,134600.0,132600.0,118171.86,134500.0,25232.59,Nanofiber Internal Structure II,2605,C-J6MT,2025-11-13 18:29:44
323900.0,379200.0,377255.18,323900.0,30425.53,134600.0,132600.0,118171.86,134500.0,25232.59,Nanofiber Internal Structure II,2605,C-J6MT,2025-11-13 19:17:26
323900.0,379200.0,377345.91,323900.0,30372.1,134500.0,132600.0,118034.58,134500.0,25317.1,Nanofiber Internal Structure II,2605,C-J6MT,2025-11-13 20:24:29
323900.0,379200.0,377516.13,323900.0,30271.69,134500.0,132600.0,118011.54,134500.0,25331.29,Nanofiber Internal Structure II,2605,C-J6MT,2025-11-13 21:20:04
323900.0,379200.0,377907.68,323900.0,30034.71,134500.0,132600.0,118011.54,134500.0,25331.29,Nanofiber Internal Structure II,2605,C-J6MT,2025-11-13 22:20:35
323900.0,379200.0,378152.38,323900.0,29883.43,134500.0,132600.0,118011.54,134500.0,25331.29,Nanofiber Internal Structure II,2605,C-J6MT,2025-11-13 23:20:08
323900.0,379200.0,378446.6,323900.0,29698.27,134500.0,132600.0,118011.54,134500.0,25331.29,Nanofiber Internal Structure II,2605,C-J6MT,2025-11-14 01:25:14
323900.0,379200.0,378446.6,323900.0,29698.27,134500.0,132600.0,118011.54,134500.0,25331.29,Nanofiber Internal Structure II,2605,C-J6MT,2025-11-14 03:15:09
323900.0,379200.0,378446.6,323900.0,29698.27,134500.0,132600.0,118011.54,134500.0,25331.29,Nanofiber Internal Structure II,2605,C-J6MT,2025-11-14 04:25:20
323900.0,379200.0,378446.6,323900.0,29698.27,134500.0,132600.0,118011.54,134500.0,25331.29,Nanofiber Internal Structure II,2605,C-J6MT,2025-11-14 05:21:24
323900.0,379200.0,378446.6,323900.0,29698.27,134500.0,132600.0,118011.54,134500.0,25331.29,Nanofiber Internal Structure II,2605,C-J6MT,2025-11-14 06:31:05
323900.0,379200.0,378446.6,323900.0,29698.27,134500.0,132600.0,118011.54,134500.0,25331.29,Nanofiber Internal Structure II,2605,C-J6MT,2025-11-14 07:20:35
323900.0,379200.0,378446.6,323900.0,29698.27,134500.0,132600.0,118011.54,134500.0,25331.29,Nanofiber Internal Structure II,2605,C-J6MT,2025-11-14 08:27:02
323900.0,379200.0,378446.6,323900.0,29698.27,134500.0,132600.0,118011.54,134500.0,25331.29,Nanofiber Internal Structure II,2605,C-J6MT,2025-11-14 09:22:42
323900.0,379200.0,378446.6,323900.0,29698.27,134500.0,132600.0,118011.54,134500.0,25331.29,Nanofiber Internal Structure II,2605,C-J6MT,2025-11-14 10:23:08
323900.0,379200.0,378446.6,323900.0,29698.27,134500.0,132600.0,118011.54,134500.0,25331.29,Nanofiber Internal Structure II,2605,C-J6MT,2025-11-14 11:18:20
323900.0,379200.0,378446.6,323900.0,29698.27,134500.0,132600.0,118011.54,134500.0,25331.29,Nanofiber Internal Structure II,2605,C-J6MT,2025-11-14 12:41:01
323900.0,379200.0,378446.6,323900.0,29698.27,134500.0,132600.0,118011.54,134500.0,25331.29,Nanofiber Internal Structure II,2605,C-J6MT,2025-11-14 13:32:14
323900.0,379200.0,378446.6,323900.0,29698.27,134500.0,132600.0,118011.54,134500.0,25331.29,Nanofiber Internal Structure II,2605,C-J6MT,2025-11-14 14:21:45
323900.0,379200.0,378446.6,323900.0,29698.27,134500.0,132600.0,118011.54,134500.0,25331.29,Nanofiber Internal Structure II,2605,C-J6MT,2025-11-14 15:20:14
323900.0,379200.0,378446.6,323900.0,29698.27,134500.0,132600.0,118011.54,134500.0,25331.29,Nanofiber Internal Structure II,2605,C-J6MT,2025-11-14 16:26:21
323900.0,379200.0,378446.6,323900.0,29698.27,134500.0,132600.0,118011.54,134500.0,25331.29,Nanofiber Internal Structure II,2605,C-J6MT,2025-11-14 17:19:15
323900.0,379200.0,378446.6,323900.0,29698.27,134500.0,132600.0,118011.54,134500.0,25331.29,Nanofiber Internal Structure II,2605,C-J6MT,2025-11-14 18:29:25
323900.0,379200.0,378446.6,323900.0,29698.27,134500.0,132600.0,118011.54,134500.0,25331.29,Nanofiber Internal Structure II,2605,C-J6MT,2025-11-14 19:17:00
323900.0,379200.0,378446.6,323900.0,29698.27,134500.0,132600.0,118011.54,134500.0,25331.29,Nanofiber Internal Structure II,2605,C-J6MT,2025-11-14 20:23:15
323900.0,379200.0,378446.6,323900.0,29698.27,134500.0,132600.0,118011.54,134500.0,25331.29,Nanofiber Internal Structure II,2605,C-J6MT,2025-11-14 21:19:46
323900.0,379200.0,378446.6,323900.0,29698.27,134500.0,132600.0,118011.54,134500.0,25331.29,Nanofiber Internal Structure II,2605,C-J6MT,2025-11-14 22:20:35
323900.0,379200.0,378446.6,323900.0,29698.27,134500.0,132600.0,118011.54,134500.0,25331.29,Nanofiber Internal Structure II,2605,C-J6MT,2025-11-14 23:19:06
323900.0,379200.0,378446.6,323900.0,29698.27,134500.0,132600.0,118011.54,134500.0,25331.29,Nanofiber Internal Structure II,2605,C-J6MT,2025-11-15 01:23:40
323900.0,379200.0,378446.6,323900.0,29698.27,134500.0,132600.0,118011.54,134500.0,25331.29,Nanofiber Internal Structure II,2605,C-J6MT,2025-11-15 03:08:22
323900.0,379200.0,378446.6,323900.0,29698.27,134500.0,132600.0,118011.54,134500.0,25331.29,Nanofiber Internal Structure II,2605,C-J6MT,2025-11-15 04:23:19
323900.0,379200.0,378446.6,323900.0,29698.27,134500.0,132600.0,118011.54,134500.0,25331.29,Nanofiber Internal Structure II,2605,C-J6MT,2025-11-15 05:19:55
323900.0,379200.0,378446.6,323900.0,29698.27,134500.0,132600.0,118011.54,134500.0,25331.29,Nanofiber Internal Structure II,2605,C-J6MT,2025-11-15 06:28:30
323900.0,379200.0,378446.6,323900.0,29698.27,134500.0,132600.0,118011.54,134500.0,25331.29,Nanofiber Internal Structure II,2605,C-J6MT,2025-11-15 07:19:10
323900.0,379200.0,378446.6,323900.0,29698.27,134500.0,132600.0,118011.54,134500.0,25331.29,Nanofiber Internal Structure II,2605,C-J6MT,2025-11-15 08:24:03
323900.0,379200.0,378446.6,323900.0,29698.27,134500.0,132600.0,118011.54,134500.0,25331.29,Nanofiber Internal Structure II,2605,C-J6MT,2025-11-15 09:19:33
323900.0,379200.0,378446.6,323900.0,29698.27,134500.0,132600.0,118011.54,134500.0,25331.29,Nanofiber Internal Structure II,2605,C-J6MT,2025-11-15 10:20:44
323900.0,379200.0,378446.6,323900.0,29698.27,134500.0,132600.0,118011.54,134500.0,25331.29,Nanofiber Internal Structure II,2605,C-J6MT,2025-11-15 11:16:05
323900.0,379200.0,378446.6,323900.0,29698.27,134500.0,132600.0,118011.54,134500.0,25331.29,Nanofiber Internal Structure II,2605,C-J6MT,2025-11-15 12:36:03
323900.0,379200.0,378446.6,323900.0,29698.27,134500.0,132600.0,118011.54,134500.0,25331.29,Nanofiber Internal Structure II,2605,C-J6MT,2025-11-15 13:25:52
323900.0,379200.0,378446.6,323900.0,29698.27,134500.0,132600.0,118011.54,134500.0,25331.29,Nanofiber Internal Structure II,2605,C-J6MT,2025-11-15 14:17:49
323900.0,379200.0,378446.6,323900.0,29698.27,134500.0,132600.0,118011.54,134500.0,25331.29,Nanofiber Internal Structure II,2605,C-J6MT,2025-11-15 15:18:53
323900.0,379200.0,378446.6,323900.0,29698.27,134500.0,132600.0,118011.54,134500.0,25331.29,Nanofiber Internal Structure II,2605,C-J6MT,2025-11-15 16:22:18
323900.0,379200.0,378446.6,323900.0,29698.27,134500.0,132600.0,118011.54,134500.0,25331.29,Nanofiber Internal Structure II,2605,C-J6MT,2025-11-15 17:16:06
323900.0,379200.0,378446.6,323900.0,29698.27,134500.0,132600.0,118011.54,134500.0,25331.29,Nanofiber Internal Structure II,2605,C-J6MT,2025-11-15 18:25:14
323900.0,379200.0,378446.6,323900.0,29698.27,134500.0,132600.0,118011.54,134500.0,25331.29,Nanofiber Internal Structure II,2605,C-J6MT,2025-11-15 19:15:24
323900.0,379200.0,378446.6,323900.0,29698.27,134500.0,132600.0,118011.54,134500.0,25331.29,Nanofiber Internal Structure II,2605,C-J6MT,2025-11-15 20:21:02
323900.0,379200.0,378446.6,323900.0,29698.27,134500.0,132600.0,118011.54,134500.0,25331.29,Nanofiber Internal Structure II,2605,C-J6MT,2025-11-15 21:17:55
323900.0,379200.0,378446.6,323900.0,29698.27,134500.0,132600.0,118011.54,134500.0,25331.29,Nanofiber Internal Structure II,2605,C-J6MT,2025-11-15 22:16:41
323900.0,379200.0,378446.6,323900.0,29698.27,134500.0,132600.0,118011.54,134500.0,25331.29,Nanofiber Internal Structure II,2605,C-J6MT,2025-11-15 23:19:04
323900.0,379200.0,378446.6,323900.0,29698.27,134500.0,132600.0,118011.54,134500.0,25331.29,Nanofiber Internal Structure II,2605,C-J6MT,2025-11-16 01:30:03
323900.0,379200.0,378446.6,323900.0,29698.27,134500.0,132600.0,118011.54,134500.0,25331.29,Nanofiber Internal Structure II,2605,C-J6MT,2025-11-16 03:20:29
323900.0,379200.0,378446.6,323900.0,29698.27,134500.0,132600.0,118011.54,134500.0,25331.29,Nanofiber Internal Structure II,2605,C-J6MT,2025-11-16 04:26:42
323900.0,379200.0,378446.6,323900.0,29698.27,134500.0,132600.0,118011.54,134500.0,25331.29,Nanofiber Internal Structure II,2605,C-J6MT,2025-11-16 05:20:00
323900.0,379200.0,378446.6,323900.0,29698.27,134500.0,132600.0,118011.54,134500.0,25331.29,Nanofiber Internal Structure II,2605,C-J6MT,2025-11-16 06:28:32
323900.0,379200.0,378446.6,323900.0,29698.27,134500.0,132600.0,118011.54,134500.0,25331.29,Nanofiber Internal Structure II,2605,C-J6MT,2025-11-16 07:18:46
323900.0,379200.0,378446.6,323900.0,29698.27,134500.0,132600.0,118011.54,134500.0,25331.29,Nanofiber Internal Structure II,2605,C-J6MT,2025-11-16 08:25:27
323900.0,379200.0,378446.6,323900.0,29698.27,134500.0,132600.0,118011.54,134500.0,25331.29,Nanofiber Internal Structure II,2605,C-J6MT,2025-11-16 09:19:57
323900.0,379200.0,378446.6,323900.0,29698.27,134500.0,132600.0,118011.54,134500.0,25331.29,Nanofiber Internal Structure II,2605,C-J6MT,2025-11-16 10:21:13
323900.0,379200.0,378446.6,323900.0,29698.27,134500.0,132600.0,118011.54,134500.0,25331.29,Nanofiber Internal Structure II,2605,C-J6MT,2025-11-16 11:16:09
323900.0,379200.0,378446.6,323900.0,29698.27,134500.0,132600.0,118011.54,134500.0,25331.29,Nanofiber Internal Structure II,2605,C-J6MT,2025-11-16 12:35:28
323900.0,379200.0,378446.6,323900.0,29698.27,134500.0,132600.0,118011.54,134500.0,25331.29,Nanofiber Internal Structure II,2605,C-J6MT,2025-11-16 13:25:34
323900.0,379200.0,378446.6,323900.0,29698.27,134500.0,132600.0,118011.54,134500.0,25331.29,Nanofiber Internal Structure II,2605,C-J6MT,2025-11-16 14:18:54
323900.0,379200.0,378446.6,323900.0,29698.27,134500.0,132600.0,118011.54,134500.0,25331.29,Nanofiber Internal Structure II,2605,C-J6MT,2025-11-16 15:18:53
323900.0,379200.0,378446.6,323900.0,29698.27,134500.0,132600.0,118011.54,134500.0,25331.29,Nanofiber Internal Structure II,2605,C-J6MT,2025-11-16 16:22:53
323900.0,379200.0,378446.6,323900.0,29698.27,134500.0,132600.0,118011.54,134500.0,25331.29,Nanofiber Internal Structure II,2605,C-J6MT,2025-11-16 17:17:42
323900.0,379200.0,378446.6,323900.0,29698.27,134500.0,132600.0,118011.54,134500.0,25331.29,Nanofiber Internal Structure II,2605,C-J6MT,2025-11-16 18:26:24
323900.0,379200.0,378446.6,323900.0,29698.27,134500.0,132600.0,118011.54,134500.0,25331.29,Nanofiber Internal Structure II,2605,C-J6MT,2025-11-16 19:16:20
323900.0,379200.0,378446.6,323900.0,29698.27,134500.0,132600.0,118011.54,134500.0,25331.29,Nanofiber Internal Structure II,2605,C-J6MT,2025-11-16 20:21:50
323900.0,379200.0,378446.6,323900.0,29698.27,134500.0,132600.0,118011.54,134500.0,25331.29,Nanofiber Internal Structure II,2605,C-J6MT,2025-11-16 21:17:39
323900.0,379200.0,378446.6,323900.0,29698.27,134500.0,132600.0,118011.54,134500.0,25331.29,Nanofiber Internal Structure II,2605,C-J6MT,2025-11-16 22:19:06
323900.0,379200.0,378446.6,323900.0,29698.27,134500.0,132600.0,118011.54,134500.0,25331.29,Nanofiber Internal Structure II,2605,C-J6MT,2025-11-16 23:19:47
323900.0,379200.0,378446.6,323900.0,29698.27,134500.0,132600.0,118011.54,134500.0,25331.29,Nanofiber Internal Structure II,2605,C-J6MT,2025-11-17 01:25:53
323900.0,379200.0,378446.6,323900.0,29698.27,134500.0,132600.0,118011.54,134500.0,25331.29,Nanofiber Internal Structure II,2605,C-J6MT,2025-11-17 03:17:40
323900.0,379200.0,378446.6,323900.0,29698.27,134500.0,132600.0,118011.54,134500.0,25331.29,Nanofiber Internal Structure II,2605,C-J6MT,2025-11-17 04:27:41
323900.0,379200.0,378446.6,323900.0,29698.27,134500.0,132600.0,118011.54,134500.0,25331.29,Nanofiber Internal Structure II,2605,C-J6MT,2025-11-17 05:21:42
323900.0,379200.0,378446.6,323900.0,29698.27,134500.0,132600.0,118011.54,134500.0,25331.29,Nanofiber Internal Structure II,2605,C-J6MT,2025-11-17 06:31:13
323900.0,379200.0,378446.6,323900.0,29698.27,134500.0,132600.0,118011.54,134500.0,25331.29,Nanofiber Internal Structure II,2605,C-J6MT,2025-11-17 08:30:23
323900.0,379200.0,378446.6,323900.0,29698.27,134500.0,132600.0,118011.54,134500.0,25331.29,Nanofiber Internal Structure II,2605,C-J6MT,2025-11-17 09:25:47
323900.0,379200.0,378446.6,323900.0,29698.27,134500.0,132600.0,118011.54,134500.0,25331.29,Nanofiber Internal Structure II,2605,C-J6MT,2025-11-17 10:24:45
323900.0,379200.0,378446.6,323900.0,29698.27,134500.0,132600.0,118011.54,134500.0,25331.29,Nanofiber Internal Structure II,2605,C-J6MT,2025-11-17 11:19:36
323900.0,379200.0,378446.6,323900.0,29698.27,134500.0,132600.0,118011.54,134500.0,25331.29,Nanofiber Internal Structure II,2605,C-J6MT,2025-11-17 12:41:44
323900.0,379200.0,378446.6,323900.0,29698.27,134500.0,132600.0,118011.54,134500.0,25331.29,Nanofiber Internal Structure II,2605,C-J6MT,2025-11-17 13:33:33
323900.0,379200.0,378446.6,323900.0,29698.27,134500.0,132600.0,118011.54,134500.0,25331.29,Nanofiber Internal Structure II,2605,C-J6MT,2025-11-17 14:22:15
323900.0,379200.0,378446.6,323900.0,29698.27,134500.0,132600.0,118011.54,134500.0,25331.29,Nanofiber Internal Structure II,2605,C-J6MT,2025-11-17 15:24:18
323900.0,379200.0,378446.6,323900.0,29698.27,134500.0,132600.0,118011.54,134500.0,25331.29,Nanofiber Internal Structure II,2605,C-J6MT,2025-11-17 16:27:46
323900.0,379200.0,378446.6,323900.0,29698.27,134500.0,132600.0,118011.54,134500.0,25331.29,Nanofiber Internal Structure II,2605,C-J6MT,2025-11-17 17:21:25
323900.0,379200.0,378446.6,323900.0,29698.27,134500.0,132600.0,118011.54,134500.0,25331.29,Nanofiber Internal Structure II,2605,C-J6MT,2025-11-17 18:30:04
323900.0,379200.0,378446.6,323900.0,29698.27,134500.0,132600.0,118011.54,134500.0,25331.29,Nanofiber Internal Structure II,2605,C-J6MT,2025-11-17 19:17:10
323900.0,379200.0,378446.6,323900.0,29698.27,134500.0,132600.0,118011.54,134500.0,25331.29,Nanofiber Internal Structure II,2605,C-J6MT,2025-11-17 20:24:03
323900.0,379200.0,378446.6,323900.0,29698.27,134500.0,132600.0,118011.54,134500.0,25331.29,Nanofiber Internal Structure II,2605,C-J6MT,2025-11-17 21:19:33
323900.0,379200.0,378446.6,323900.0,29698.27,134500.0,132600.0,118011.54,134500.0,25331.29,Nanofiber Internal Structure II,2605,C-J6MT,2025-11-17 22:20:32
323900.0,379200.0,378446.6,323900.0,29698.27,134500.0,132600.0,118011.54,134500.0,25331.29,Nanofiber Internal Structure II,2605,C-J6MT,2025-11-17 23:19:27
323900.0,379200.0,378446.6,323900.0,29698.27,134500.0,132600.0,118011.54,134500.0,25331.29,Nanofiber Internal Structure II,2605,C-J6MT,2025-11-18 01:25:41
323900.0,379200.0,378446.6,323900.0,29698.27,134500.0,132600.0,118011.54,134500.0,25331.29,Nanofiber Internal Structure II,2605,C-J6MT,2025-11-18 03:14:02
323900.0,379200.0,378446.6,323900.0,29698.27,134500.0,132600.0,118011.54,134500.0,25331.29,Nanofiber Internal Structure II,2605,C-J6MT,2025-11-18 04:24:59
323900.0,379200.0,378446.6,323900.0,29698.27,134500.0,132600.0,118011.54,134500.0,25331.29,Nanofiber Internal Structure II,2605,C-J6MT,2025-11-18 05:21:15
323900.0,379200.0,378446.6,323900.0,29698.27,134500.0,132600.0,118011.54,134500.0,25331.29,Nanofiber Internal Structure II,2605,C-J6MT,2025-11-18 06:30:17
323900.0,379200.0,378446.6,323900.0,29698.27,134500.0,132600.0,118011.54,134500.0,25331.29,Nanofiber Internal Structure II,2605,C-J6MT,2025-11-18 07:20:49
323900.0,379200.0,378446.6,323900.0,29698.27,134500.0,132600.0,118011.54,134500.0,25331.29,Nanofiber Internal Structure II,2605,C-J6MT,2025-11-18 08:27:35
323900.0,379200.0,378446.6,323900.0,29698.27,134500.0,132600.0,118011.54,134500.0,25331.29,Nanofiber Internal Structure II,2605,C-J6MT,2025-11-18 09:24:05
323900.0,379200.0,378446.6,323900.0,29698.27,134500.0,132600.0,118011.54,134500.0,25331.29,Nanofiber Internal Structure II,2605,C-J6MT,2025-11-18 10:24:49
323900.0,379200.0,378446.6,323900.0,29698.27,134500.0,132600.0,118011.54,134500.0,25331.29,Nanofiber Internal Structure II,2605,C-J6MT,2025-11-18 11:20:04
323900.0,379200.0,378446.6,323900.0,29698.27,134500.0,132600.0,118011.54,134500.0,25331.29,Nanofiber Internal Structure II,2605,C-J6MT,2025-11-18 15:23:23
323900.0,379200.0,378446.6,323900.0,29698.27,134500.0,132600.0,118011.54,134500.0,25331.29,Nanofiber Internal Structure II,2605,C-J6MT,2025-11-18 17:20:22
323900.0,379200.0,378446.6,323900.0,29698.27,134500.0,132600.0,118011.54,134500.0,25331.29,Nanofiber Internal Structure II,2605,C-J6MT,2025-11-18 18:31:20
323900.0,379200.0,378446.6,323900.0,29698.27,134500.0,132600.0,118011.54,134500.0,25331.29,Nanofiber Internal Structure II,2605,C-J6MT,2025-11-18 19:19:08
323900.0,379200.0,378446.6,323900.0,29698.27,134500.0,132600.0,118011.54,134500.0,25331.29,Nanofiber Internal Structure II,2605,C-J6MT,2025-11-18 20:24:08
323900.0,379200.0,378446.6,323900.0,29698.27,134500.0,132600.0,118011.54,134500.0,25331.29,Nanofiber Internal Structure II,2605,C-J6MT,2025-11-18 22:21:32
323900.0,379200.0,378446.6,323900.0,29698.27,134500.0,132600.0,118011.54,134500.0,25331.29,Nanofiber Internal Structure II,2605,C-J6MT,2025-11-18 23:20:21
323900.0,379200.0,378446.6,323900.0,29698.27,134500.0,132600.0,118011.54,134500.0,25331.29,Nanofiber Internal Structure II,2605,C-J6MT,2025-11-19 01:25:15
323900.0,379200.0,378446.6,323900.0,29698.27,134500.0,132600.0,118011.54,134500.0,25331.29,Nanofiber Internal Structure II,2605,C-J6MT,2025-11-19 03:13:06
323900.0,379200.0,378446.6,323900.0,29698.27,134500.0,132600.0,118011.54,134500.0,25331.29,Nanofiber Internal Structure II,2605,C-J6MT,2025-11-19 04:26:05
323900.0,379200.0,378446.6,323900.0,29698.27,134500.0,132600.0,118011.54,134500.0,25331.29,Nanofiber Internal Structure II,2605,C-J6MT,2025-11-19 05:21:16
323900.0,379200.0,378446.6,323900.0,29698.27,134500.0,132600.0,118011.54,134500.0,25331.29,Nanofiber Internal Structure II,2605,C-J6MT,2025-11-19 06:30:14
323900.0,379200.0,378446.6,323900.0,29698.27,134500.0,132600.0,118011.54,134500.0,25331.29,Nanofiber Internal Structure II,2605,C-J6MT,2025-11-19 07:20:53
323900.0,379200.0,378446.6,323900.0,29698.27,134500.0,132600.0,118011.54,134500.0,25331.29,Nanofiber Internal Structure II,2605,C-J6MT,2025-11-19 08:28:00
323900.0,379200.0,378446.6,323900.0,29698.27,134500.0,132600.0,118011.54,134500.0,25331.29,Nanofiber Internal Structure II,2605,C-J6MT,2025-11-19 09:23:27
323900.0,379200.0,378446.6,323900.0,29698.27,134500.0,132600.0,118011.54,134500.0,25331.29,Nanofiber Internal Structure II,2605,C-J6MT,2025-11-19 10:23:01
323900.0,379200.0,378446.6,323900.0,29698.27,134500.0,132600.0,118011.54,134500.0,25331.29,Nanofiber Internal Structure II,2605,C-J6MT,2025-11-19 11:18:50
323900.0,379200.0,378446.6,323900.0,29698.27,134500.0,132600.0,118011.54,134500.0,25331.29,Nanofiber Internal Structure II,2605,C-J6MT,2025-11-19 12:41:13
323900.0,379200.0,378446.6,323900.0,29698.27,134500.0,132600.0,118011.54,134500.0,25331.29,Nanofiber Internal Structure II,2605,C-J6MT,2025-11-19 13:34:09
323900.0,379200.0,378446.6,323900.0,29698.27,134500.0,132600.0,118011.54,134500.0,25331.29,Nanofiber Internal Structure II,2605,C-J6MT,2025-11-19 14:21:05
323900.0,379200.0,378446.6,323900.0,29698.27,134500.0,132600.0,118011.54,134500.0,25331.29,Nanofiber Internal Structure II,2605,C-J6MT,2025-11-19 15:22:24
323900.0,379200.0,378446.6,323900.0,29698.27,134500.0,132600.0,118011.54,134500.0,25331.29,Nanofiber Internal Structure II,2605,C-J6MT,2025-11-19 16:27:24
323900.0,379200.0,378446.6,323900.0,29698.27,134500.0,132600.0,118011.54,134500.0,25331.29,Nanofiber Internal Structure II,2605,C-J6MT,2025-11-19 17:20:12
323900.0,379200.0,378446.6,323900.0,29698.27,134500.0,132600.0,118011.54,134500.0,25331.29,Nanofiber Internal Structure II,2605,C-J6MT,2025-11-19 18:30:54
323900.0,379200.0,378446.6,323900.0,29698.27,134500.0,132600.0,118011.54,134500.0,25331.29,Nanofiber Internal Structure II,2605,C-J6MT,2025-11-19 19:18:28
323900.0,379200.0,378446.6,323900.0,29698.27,134500.0,132600.0,118011.54,134500.0,25331.29,Nanofiber Internal Structure II,2605,C-J6MT,2025-11-19 20:21:49
323900.0,379200.0,378446.6,323900.0,29698.27,134500.0,132600.0,118011.54,134500.0,25331.29,Nanofiber Internal Structure II,2605,C-J6MT,2025-11-19 21:17:38
323900.0,379200.0,378446.6,323900.0,29698.27,134500.0,132600.0,118011.54,134500.0,25331.29,Nanofiber Internal Structure II,2605,C-J6MT,2025-11-19 22:20:50
323900.0,379200.0,378446.6,323900.0,29698.27,134500.0,132600.0,118011.54,134500.0,25331.29,Nanofiber Internal Structure II,2605,C-J6MT,2025-11-19 23:20:07
323900.0,379200.0,378446.6,323900.0,29698.27,134500.0,132600.0,118011.54,134500.0,25331.29,Nanofiber Internal Structure II,2605,C-J6MT,2025-11-20 01:24:03
323900.0,379200.0,378446.6,323900.0,29698.27,134500.0,132600.0,118011.54,134500.0,25331.29,Nanofiber Internal Structure II,2605,C-J6MT,2025-11-20 03:11:18
323900.0,379200.0,378446.6,323900.0,29698.27,134500.0,132600.0,118011.54,134500.0,25331.29,Nanofiber Internal Structure II,2605,C-J6MT,2025-11-20 04:23:39
323900.0,379200.0,378446.6,323900.0,29698.27,134500.0,132600.0,118011.54,134500.0,25331.29,Nanofiber Internal Structure II,2605,C-J6MT,2025-11-20 05:21:44
323900.0,379200.0,378446.6,323900.0,29698.27,134500.0,132600.0,118011.54,134500.0,25331.29,Nanofiber Internal Structure II,2605,C-J6MT,2025-11-20 06:30:03
323900.0,379200.0,378446.6,323900.0,29698.27,134500.0,132600.0,118011.54,134500.0,25331.29,Nanofiber Internal Structure II,2605,C-J6MT,2025-11-20 07:20:39
323900.0,379200.0,378446.6,323900.0,29698.27,134500.0,132600.0,118011.54,134500.0,25331.29,Nanofiber Internal Structure II,2605,C-J6MT,2025-11-20 08:28:35
323900.0,379200.0,378446.6,323900.0,29698.27,134500.0,132600.0,118011.54,134500.0,25331.29,Nanofiber Internal Structure II,2605,C-J6MT,2025-11-20 09:23:11
323900.0,379200.0,378446.6,323900.0,29698.27,134500.0,132600.0,118011.54,134500.0,25331.29,Nanofiber Internal Structure II,2605,C-J6MT,2025-11-20 10:23:34
323900.0,379200.0,378446.6,323900.0,29698.27,134500.0,132600.0,118011.54,134500.0,25331.29,Nanofiber Internal Structure II,2605,C-J6MT,2025-11-20 11:19:14
323900.0,379200.0,378446.6,323900.0,29698.27,134500.0,132600.0,118011.54,134500.0,25331.29,Nanofiber Internal Structure II,2605,C-J6MT,2025-11-20 12:40:44
323900.0,379200.0,378446.6,323900.0,29698.27,134500.0,132600.0,118011.54,134500.0,25331.29,Nanofiber Internal Structure II,2605,C-J6MT,2025-11-20 13:31:40
323900.0,379200.0,378446.6,323900.0,29698.27,134500.0,132600.0,118011.54,134500.0,25331.29,Nanofiber Internal Structure II,2605,C-J6MT,2025-11-20 14:21:20
323900.0,379200.0,378446.6,323900.0,29698.27,134500.0,132600.0,118011.54,134500.0,25331.29,Nanofiber Internal Structure II,2605,C-J6MT,2025-11-20 15:21:59
323900.0,379200.0,378446.6,323900.0,29698.27,134500.0,132600.0,118011.54,134500.0,25331.29,Nanofiber Internal Structure II,2605,C-J6MT,2025-11-20 16:26:23
323900.0,379200.0,378446.6,323900.0,29698.27,134500.0,132600.0,118011.54,134500.0,25331.29,Nanofiber Internal Structure II,2605,C-J6MT,2025-11-20 17:17:45
323900.0,379200.0,378446.6,323900.0,29698.27,134500.0,132600.0,118011.54,134500.0,25331.29,Nanofiber Internal Structure II,2605,C-J6MT,2025-11-20 18:30:55
323900.0,379200.0,378446.6,323900.0,29698.27,134500.0,132600.0,118011.54,134500.0,25331.29,Nanofiber Internal Structure II,2605,C-J6MT,2025-11-20 19:18:06
323900.0,379200.0,378446.6,323900.0,29698.27,134500.0,132600.0,118011.54,134500.0,25331.29,Nanofiber Internal Structure II,2605,C-J6MT,2025-11-20 20:23:48
323900.0,379200.0,378446.6,323900.0,29698.27,134500.0,132600.0,118011.54,134500.0,25331.29,Nanofiber Internal Structure II,2605,C-J6MT,2025-11-20 21:19:43
323900.0,379200.0,378446.6,323900.0,29698.27,134500.0,132600.0,118011.54,134500.0,25331.29,Nanofiber Internal Structure II,2605,C-J6MT,2025-11-20 22:20:31
323900.0,379200.0,378446.6,323900.0,29698.27,134500.0,132600.0,118011.54,134500.0,25331.29,Nanofiber Internal Structure II,2605,C-J6MT,2025-11-20 23:20:26
323900.0,379200.0,378446.6,323900.0,29698.27,134500.0,132600.0,118011.54,134500.0,25331.29,Nanofiber Internal Structure II,2605,C-J6MT,2025-11-21 01:24:05
323900.0,379200.0,378446.6,323900.0,29698.27,134500.0,132600.0,118011.54,134500.0,25331.29,Nanofiber Internal Structure II,2605,C-J6MT,2025-11-21 03:13:05
323900.0,379200.0,378446.6,323900.0,29698.27,134500.0,132600.0,118011.54,134500.0,25331.29,Nanofiber Internal Structure II,2605,C-J6MT,2025-11-21 04:24:06
323900.0,379200.0,378446.6,323900.0,29698.27,134500.0,132600.0,118011.54,134500.0,25331.29,Nanofiber Internal Structure II,2605,C-J6MT,2025-11-21 05:21:31
323900.0,379200.0,378446.6,323900.0,29698.27,134500.0,132600.0,118011.54,134500.0,25331.29,Nanofiber Internal Structure II,2605,C-J6MT,2025-11-21 06:31:10
323900.0,379200.0,378446.6,323900.0,29698.27,134500.0,132600.0,118011.54,134500.0,25331.29,Nanofiber Internal Structure II,2605,C-J6MT,2025-11-21 07:21:50
323900.0,379200.0,378446.6,323900.0,29698.27,134500.0,132600.0,118011.54,134500.0,25331.29,Nanofiber Internal Structure II,2605,C-J6MT,2025-11-21 08:28:49
323900.0,379200.0,378446.6,323900.0,29698.27,134500.0,132600.0,118011.54,134500.0,25331.29,Nanofiber Internal Structure II,2605,C-J6MT,2025-11-21 09:22:10
323900.0,379200.0,378446.6,323900.0,29698.27,134500.0,132600.0,118011.54,134500.0,25331.29,Nanofiber Internal Structure II,2605,C-J6MT,2025-11-21 10:22:53
323900.0,379200.0,378446.6,323900.0,29698.27,134500.0,132600.0,118011.54,134500.0,25331.29,Nanofiber Internal Structure II,2605,C-J6MT,2025-11-21 11:18:27
323900.0,379200.0,378446.6,323900.0,29698.27,134500.0,132600.0,118011.54,134500.0,25331.29,Nanofiber Internal Structure II,2605,C-J6MT,2025-11-21 12:39:51
323900.0,379200.0,378446.6,323900.0,29698.27,134500.0,132600.0,118011.54,134500.0,25331.29,Nanofiber Internal Structure II,2605,C-J6MT,2025-11-21 13:29:35
323900.0,379200.0,378446.6,323900.0,29698.27,134500.0,132600.0,118011.54,134500.0,25331.29,Nanofiber Internal Structure II,2605,C-J6MT,2025-11-21 14:20:59
323900.0,379200.0,378446.6,323900.0,29698.27,134500.0,132600.0,118011.54,134500.0,25331.29,Nanofiber Internal Structure II,2605,C-J6MT,2025-11-21 15:20:36
323900.0,379200.0,378446.6,323900.0,29698.27,134500.0,132600.0,118011.54,134500.0,25331.29,Nanofiber Internal Structure II,2605,C-J6MT,2025-11-21 16:26:38
323900.0,379200.0,378446.6,323900.0,29698.27,134500.0,132600.0,118011.54,134500.0,25331.29,Nanofiber Internal Structure II,2605,C-J6MT,2025-11-21 17:19:48
323900.0,379200.0,378446.6,323900.0,29698.27,134500.0,132600.0,118011.54,134500.0,25331.29,Nanofiber Internal Structure II,2605,C-J6MT,2025-11-21 18:27:21
323900.0,379200.0,378446.6,323900.0,29698.27,134500.0,132600.0,118011.54,134500.0,25331.29,Nanofiber Internal Structure II,2605,C-J6MT,2025-11-21 19:17:59
323900.0,379200.0,378446.6,323900.0,29698.27,134500.0,132600.0,118011.54,134500.0,25331.29,Nanofiber Internal Structure II,2605,C-J6MT,2025-11-21 20:23:12
323900.0,379200.0,378446.6,323900.0,29698.27,134500.0,132600.0,118011.54,134500.0,25331.29,Nanofiber Internal Structure II,2605,C-J6MT,2025-11-21 21:18:58
323900.0,379200.0,378446.6,323900.0,29698.27,134500.0,132600.0,118011.54,134500.0,25331.29,Nanofiber Internal Structure II,2605,C-J6MT,2025-11-21 22:20:39
323900.0,379200.0,378446.6,323900.0,29698.27,134500.0,132600.0,118011.54,134500.0,25331.29,Nanofiber Internal Structure II,2605,C-J6MT,2025-11-21 23:19:19
323900.0,379200.0,378446.6,323900.0,29698.27,134500.0,132600.0,118011.54,134500.0,25331.29,Nanofiber Internal Structure II,2605,C-J6MT,2025-11-22 01:21:26
323900.0,379200.0,378446.6,323900.0,29698.27,134500.0,132600.0,118011.54,134500.0,25331.29,Nanofiber Internal Structure II,2605,C-J6MT,2025-11-22 03:06:15
323900.0,379200.0,378446.6,323900.0,29698.27,134500.0,132600.0,118011.54,134500.0,25331.29,Nanofiber Internal Structure II,2605,C-J6MT,2025-11-22 04:23:25
323900.0,379200.0,378446.6,323900.0,29698.27,134500.0,132600.0,118011.54,134500.0,25331.29,Nanofiber Internal Structure II,2605,C-J6MT,2025-11-22 05:19:22
323900.0,379200.0,378446.6,323900.0,29698.27,134500.0,132600.0,118011.54,134500.0,25331.29,Nanofiber Internal Structure II,2605,C-J6MT,2025-11-22 06:28:16
323900.0,379200.0,378446.6,323900.0,29698.27,134500.0,132600.0,118011.54,134500.0,25331.29,Nanofiber Internal Structure II,2605,C-J6MT,2025-11-22 07:19:52
323900.0,379200.0,378446.6,323900.0,29698.27,134500.0,132600.0,118011.54,134500.0,25331.29,Nanofiber Internal Structure II,2605,C-J6MT,2025-11-22 08:24:36
323900.0,379200.0,378446.6,323900.0,29698.27,134500.0,132600.0,118011.54,134500.0,25331.29,Nanofiber Internal Structure II,2605,C-J6MT,2025-11-22 09:19:52
323900.0,379200.0,378446.6,323900.0,29698.27,134500.0,132600.0,118011.54,134500.0,25331.29,Nanofiber Internal Structure II,2605,C-J6MT,2025-11-22 10:20:10
323900.0,379200.0,378446.6,323900.0,29698.27,134500.0,132600.0,118011.54,134500.0,25331.29,Nanofiber Internal Structure II,2605,C-J6MT,2025-11-22 11:16:09
323900.0,379200.0,378446.6,323900.0,29698.27,134500.0,132600.0,118011.54,134500.0,25331.29,Nanofiber Internal Structure II,2605,C-J6MT,2025-11-22 12:36:12
323900.0,379200.0,378446.6,323900.0,29698.27,134500.0,132600.0,118011.54,134500.0,25331.29,Nanofiber Internal Structure II,2605,C-J6MT,2025-11-22 13:24:54
323900.0,379200.0,378446.6,323900.0,29698.27,134500.0,132600.0,118011.54,134500.0,25331.29,Nanofiber Internal Structure II,2605,C-J6MT,2025-11-22 14:17:53
288400.0,376900.0,356516.52,288600.0,42737.81,141600.0,137400.0,130225.97,140400.0,17441.21,Nanofiber Internal Structure II,2605,C-J6MT,2025-11-30 22:08:58
288400.0,376900.0,356516.52,288600.0,42737.81,141600.0,137400.0,130225.97,140400.0,17441.21,Nanofiber Internal Structure II,2605,C-J6MT,2025-11-30 22:20:00
288400.0,376900.0,356636.15,288600.0,42678.69,141600.0,137400.0,130225.97,140400.0,17441.21,Nanofiber Internal Structure II,2605,C-J6MT,2025-11-30 23:20:06
288400.0,376900.0,356510.59,288600.0,42390.98,141600.0,137400.0,130225.97,140400.0,17441.21,Nanofiber Internal Structure II,2605,C-J6MT,2025-12-01 01:50:11
288400.0,376900.0,356657.88,288600.0,42317.01,141600.0,137400.0,130225.97,140400.0,17441.21,Nanofiber Internal Structure II,2605,C-J6MT,2025-12-01 03:53:20
288300.0,376900.0,356773.23,288300.0,42297.77,141600.0,137400.0,130225.97,140400.0,17441.21,Nanofiber Internal Structure II,2605,C-J6MT,2025-12-01 04:51:21
288300.0,376900.0,356813.73,288300.0,42277.19,141600.0,137400.0,130225.97,140400.0,17441.21,Nanofiber Internal Structure II,2605,C-J6MT,2025-12-01 05:28:51
287900.0,376900.0,356864.47,288300.0,42254.2,141600.0,137400.0,130225.97,140400.0,17441.21,Nanofiber Internal Structure II,2605,C-J6MT,2025-12-01 06:33:39
287900.0,376900.0,356918.99,288300.0,42226.07,141600.0,137400.0,130225.97,140400.0,17441.21,Nanofiber Internal Structure II,2605,C-J6MT,2025-12-01 07:24:33
287900.0,376900.0,356973.6,288300.0,42197.82,141600.0,137400.0,130225.97,140400.0,17441.21,Nanofiber Internal Structure II,2605,C-J6MT,2025-12-01 08:32:38
287800.0,376900.0,357040.43,288300.0,42164.44,141600.0,137400.0,130225.97,140400.0,17441.21,Nanofiber Internal Structure II,2605,C-J6MT,2025-12-01 09:30:02
287800.0,376900.0,356428.88,287900.0,42478.4,141600.0,137400.0,130225.97,140400.0,17441.21,Nanofiber Internal Structure II,2605,C-J6MT,2025-12-01 10:24:57
287700.0,376900.0,356438.68,287800.0,42476.53,141600.0,137400.0,130225.97,140400.0,17441.21,Nanofiber Internal Structure II,2605,C-J6MT,2025-12-01 11:20:36
287600.0,376900.0,356565.8,287600.0,42464.59,141600.0,137400.0,130225.97,140400.0,17441.21,Nanofiber Internal Structure II,2605,C-J6MT,2025-12-01 12:43:26
287600.0,376900.0,356742.52,287600.0,42374.18,141600.0,137400.0,130225.97,140400.0,17441.21,Nanofiber Internal Structure II,2605,C-J6MT,2025-12-01 13:37:10
287500.0,376900.0,356226.81,287600.0,42637.22,141600.0,137400.0,130225.97,140400.0,17441.21,Nanofiber Internal Structure II,2605,C-J6MT,2025-12-01 14:23:43
287400.0,376900.0,356642.91,287500.0,42428.93,141600.0,137400.0,130225.97,140400.0,17441.21,Nanofiber Internal Structure II,2605,C-J6MT,2025-12-01 15:23:30
287400.0,376900.0,356820.87,287600.0,42336.84,141600.0,137400.0,130225.97,140400.0,17441.21,Nanofiber Internal Structure II,2605,C-J6MT,2025-12-01 16:29:26
287500.0,376900.0,356972.13,287600.0,42257.96,141600.0,137400.0,130225.97,140400.0,17441.21,Nanofiber Internal Structure II,2605,C-J6MT,2025-12-01 17:23:19
287500.0,376900.0,357151.5,287600.0,42163.87,141600.0,137400.0,130225.97,140400.0,17441.21,Nanofiber Internal Structure II,2605,C-J6MT,2025-12-01 18:34:55
287500.0,376900.0,357262.34,287600.0,42105.32,141600.0,137400.0,130225.97,140400.0,17441.21,Nanofiber Internal Structure II,2605,C-J6MT,2025-12-01 19:23:14
287500.0,376900.0,357401.38,287600.0,42031.41,141600.0,137400.0,130219.81,140400.0,17444.66,Nanofiber Internal Structure II,2605,C-J6MT,2025-12-01 20:22:32
287300.0,376900.0,357512.17,287600.0,41972.89,141000.0,137400.0,130207.47,140400.0,17451.55,Nanofiber Internal Structure II,2605,C-J6MT,2025-12-01 21:19:33
287600.0,376900.0,357666.38,287600.0,41889.78,141000.0,137400.0,130207.47,140400.0,17451.55,Nanofiber Internal Structure II,2605,C-J6MT,2025-12-01 22:18:49
287400.0,375000.0,355342.9,287400.0,43077.82,141000.0,137400.0,130172.16,140100.0,17473.37,Nanofiber Internal Structure II,2605,C-J6MT,2025-12-01 23:20:49
287400.0,376900.0,355527.48,287400.0,42988.27,141000.0,137400.0,130172.16,140100.0,17473.37,Nanofiber Internal Structure II,2605,C-J6MT,2025-12-02 01:27:11
287300.0,376900.0,355568.58,287300.0,42989.37,141000.0,137400.0,130172.16,140100.0,17473.37,Nanofiber Internal Structure II,2605,C-J6MT,2025-12-02 03:19:49
287300.0,376900.0,355713.74,287300.0,42927.75,141000.0,137400.0,130172.16,140100.0,17473.37,Nanofiber Internal Structure II,2605,C-J6MT,2025-12-02 04:31:33
287300.0,376900.0,355740.4,287300.0,42914.61,141000.0,137400.0,130172.16,140100.0,17473.37,Nanofiber Internal Structure II,2605,C-J6MT,2025-12-02 05:21:30
287300.0,376900.0,355820.47,287300.0,42875.02,141000.0,137400.0,130172.16,140100.0,17473.37,Nanofiber Internal Structure II,2605,C-J6MT,2025-12-02 06:32:56
287300.0,376900.0,356061.83,287300.0,42754.74,140400.0,137400.0,130154.74,140100.0,17484.47,Nanofiber Internal Structure II,2605,C-J6MT,2025-12-02 07:23:22
287300.0,376900.0,356129.18,287300.0,42720.92,140400.0,137400.0,130154.74,140100.0,17484.47,Nanofiber Internal Structure II,2605,C-J6MT,2025-12-02 08:30:18
287300.0,376900.0,356250.73,287300.0,42659.59,140400.0,137400.0,130154.74,140100.0,17484.47,Nanofiber Internal Structure II,2605,C-J6MT,2025-12-02 09:28:21
287300.0,376900.0,356332.01,287300.0,42618.38,140400.0,137400.0,130154.74,140100.0,17484.47,Nanofiber Internal Structure II,2605,C-J6MT,2025-12-02 10:23:42
287300.0,376900.0,356372.71,287300.0,42597.67,140400.0,137400.0,130154.74,140100.0,17484.47,Nanofiber Internal Structure II,2605,C-J6MT,2025-12-02 11:21:04
287300.0,376900.0,356576.98,287300.0,42493.15,140400.0,137400.0,130154.74,140100.0,17484.47,Nanofiber Internal Structure II,2605,C-J6MT,2025-12-02 12:43:12
287300.0,376900.0,356686.41,287300.0,42436.72,140400.0,137400.0,130154.74,140100.0,17484.47,Nanofiber Internal Structure II,2605,C-J6MT,2025-12-02 13:38:25
287300.0,376900.0,356768.71,287300.0,42394.08,140400.0,137400.0,130154.74,140100.0,17484.47,Nanofiber Internal Structure II,2605,C-J6MT,2025-12-02 14:23:12
287300.0,376900.0,356851.21,287300.0,42351.17,140400.0,137400.0,130154.74,140100.0,17484.47,Nanofiber Internal Structure II,2605,C-J6MT,2025-12-02 15:24:34
287200.0,376900.0,356837.38,287300.0,42358.43,140400.0,137400.0,130154.74,140100.0,17484.47,Nanofiber Internal Structure II,2605,C-J6MT,2025-12-02 16:28:57
287300.0,376900.0,356906.31,287300.0,42322.41,140400.0,137400.0,130154.74,140100.0,17484.47,Nanofiber Internal Structure II,2605,C-J6MT,2025-12-02 17:24:24
287300.0,376900.0,357099.87,287300.0,42220.77,140400.0,137400.0,130149.13,140100.0,17488.29,Nanofiber Internal Structure II,2605,C-J6MT,2025-12-02 18:33:19
287300.0,376900.0,357224.87,287300.0,42154.61,140400.0,137400.0,130149.13,140100.0,17488.29,Nanofiber Internal Structure II,2605,C-J6MT,2025-12-02 19:21:14
287300.0,376900.0,357476.2,287300.0,42020.38,140400.0,137400.0,130149.13,140100.0,17488.29,Nanofiber Internal Structure II,2605,C-J6MT,2025-12-02 20:25:50
287200.0,376900.0,357180.03,287200.0,42220.84,140400.0,137400.0,130149.13,140100.0,17488.29,Nanofiber Internal Structure II,2605,C-J6MT,2025-12-02 21:22:08
287100.0,376900.0,355985.7,287100.0,42800.39,140400.0,137400.0,130143.52,140100.0,17492.11,Nanofiber Internal Structure II,2605,C-J6MT,2025-12-02 22:20:00
287100.0,376900.0,356039.63,287100.0,42773.28,140400.0,137400.0,130143.52,140100.0,17492.11,Nanofiber Internal Structure II,2605,C-J6MT,2025-12-02 23:20:02
287100.0,376900.0,356215.48,287200.0,42684.37,140400.0,137400.0,130132.27,140100.0,17499.76,Nanofiber Internal Structure II,2605,C-J6MT,2025-12-03 01:27:26
286900.0,376900.0,356438.06,286900.0,42578.13,140400.0,137400.0,130132.27,140100.0,17499.76,Nanofiber Internal Structure II,2605,C-J6MT,2025-12-03 03:18:39
286900.0,376900.0,356479.17,286900.0,42556.9,140400.0,137400.0,130132.27,140100.0,17499.76,Nanofiber Internal Structure II,2605,C-J6MT,2025-12-03 04:30:15
286900.0,376900.0,356520.32,286900.0,42535.6,140400.0,137400.0,130126.63,140100.0,17503.58,Nanofiber Internal Structure II,2605,C-J6MT,2025-12-03 05:21:51
286900.0,376900.0,356547.79,286900.0,42521.37,140400.0,137400.0,130126.63,140100.0,17503.58,Nanofiber Internal Structure II,2605,C-J6MT,2025-12-03 06:32:29
286900.0,376900.0,356602.78,286900.0,42492.8,140400.0,137400.0,130126.63,140100.0,17503.58,Nanofiber Internal Structure II,2605,C-J6MT,2025-12-03 07:23:39
286900.0,376900.0,356644.08,286900.0,42471.3,140400.0,137400.0,130126.63,140100.0,17503.58,Nanofiber Internal Structure II,2605,C-J6MT,2025-12-03 08:29:16
286900.0,376900.0,356809.77,287100.0,42384.6,140500.0,137400.0,130131.92,140500.0,17506.31,Nanofiber Internal Structure II,2605,C-J6MT,2025-12-03 09:25:47
286900.0,376900.0,356823.61,287100.0,42377.33,140500.0,137400.0,130131.92,140500.0,17506.31,Nanofiber Internal Structure II,2605,C-J6MT,2025-12-03 10:25:06
286900.0,376900.0,356865.17,287100.0,42355.45,140500.0,137400.0,130131.92,140500.0,17506.31,Nanofiber Internal Structure II,2605,C-J6MT,2025-12-03 11:20:36
286700.0,376900.0,358110.49,286700.0,41761.29,140500.0,137400.0,130131.92,140500.0,17506.31,Nanofiber Internal Structure II,2605,C-J6MT,2025-12-03 12:43:02
286700.0,376900.0,358341.97,286700.0,41630.92,140500.0,137400.0,130126.23,140500.0,17510.11,Nanofiber Internal Structure II,2605,C-J6MT,2025-12-03 13:38:24
286700.0,376900.0,358443.71,286700.0,41573.16,140500.0,137400.0,130126.23,140500.0,17510.11,Nanofiber Internal Structure II,2605,C-J6MT,2025-12-03 14:23:35
286000.0,376900.0,358428.84,286700.0,41581.89,140500.0,137400.0,130126.23,140500.0,17510.11,Nanofiber Internal Structure II,2605,C-J6MT,2025-12-03 15:24:20
286700.0,376900.0,358942.01,286700.0,41286.24,140500.0,137400.0,130114.83,140500.0,17517.73,Nanofiber Internal Structure II,2605,C-J6MT,2025-12-03 16:30:05
286700.0,376900.0,359208.62,286700.0,41129.94,140500.0,137400.0,130114.83,140500.0,17517.73,Nanofiber Internal Structure II,2605,C-J6MT,2025-12-03 17:24:13
286600.0,376900.0,359208.55,286700.0,41130.04,140500.0,137400.0,130114.83,140500.0,17517.73,Nanofiber Internal Structure II,2605,C-J6MT,2025-12-03 18:33:53
286700.0,376900.0,359268.13,286700.0,41094.78,140500.0,137400.0,130114.83,140500.0,17517.73,Nanofiber Internal Structure II,2605,C-J6MT,2025-12-03 19:19:50
286600.0,376900.0,359074.73,286700.0,41208.98,140500.0,137400.0,130114.83,140500.0,17517.73,Nanofiber Internal Structure II,2605,C-J6MT,2025-12-03 20:25:24
286600.0,376900.0,359163.84,286700.0,41156.51,140500.0,137400.0,130114.83,140500.0,17517.73,Nanofiber Internal Structure II,2605,C-J6MT,2025-12-03 21:20:50
286600.0,376900.0,359268.08,286700.0,41094.85,140500.0,137400.0,130114.83,140500.0,17517.73,Nanofiber Internal Structure II,2605,C-J6MT,2025-12-03 22:21:27
286700.0,376900.0,359447.25,286700.0,40988.37,140500.0,137400.0,130114.83,140500.0,17517.73,Nanofiber Internal Structure II,2605,C-J6MT,2025-12-03 23:18:51
286200.0,376900.0,359660.9,286600.0,40883.28,140500.0,137400.0,130114.83,140500.0,17517.73,Nanofiber Internal Structure II,2605,C-J6MT,2025-12-04 01:27:12
286200.0,376900.0,359965.6,286600.0,40696.51,140500.0,137400.0,130114.83,140500.0,17517.73,Nanofiber Internal Structure II,2605,C-J6MT,2025-12-04 03:20:36
286200.0,376900.0,360057.5,286600.0,40639.65,140500.0,137400.0,130114.83,140500.0,17517.73,Nanofiber Internal Structure II,2605,C-J6MT,2025-12-04 04:32:03
286200.0,376900.0,360072.84,286600.0,40630.14,140500.0,137400.0,130114.83,140500.0,17517.73,Nanofiber Internal Structure II,2605,C-J6MT,2025-12-04 05:21:37
286600.0,376900.0,360195.5,286600.0,40554.07,140500.0,137400.0,130114.83,140500.0,17517.73,Nanofiber Internal Structure II,2605,C-J6MT,2025-12-04 06:32:50
286600.0,376900.0,360302.75,286600.0,40487.56,140500.0,137400.0,130114.83,140500.0,17517.73,Nanofiber Internal Structure II,2605,C-J6MT,2025-12-04 07:22:44
286600.0,376900.0,360394.93,286600.0,40430.13,140600.0,137400.0,130362.86,140600.0,17624.53,Nanofiber Internal Structure II,2605,C-J6MT,2025-12-04 08:29:42
280000.0,376900.0,360324.93,286600.0,40481.57,140600.0,137400.0,130362.86,140600.0,17624.53,Nanofiber Internal Structure II,2605,C-J6MT,2025-12-04 09:26:42
280000.0,376900.0,360341.85,286600.0,40469.6,140600.0,137400.0,130362.86,140600.0,17624.53,Nanofiber Internal Structure II,2605,C-J6MT,2025-12-04 10:26:00
280000.0,376900.0,360341.85,286600.0,40469.6,140600.0,137400.0,130362.86,140600.0,17624.53,Nanofiber Internal Structure II,2605,C-J6MT,2025-12-04 11:20:55
286500.0,376900.0,360564.49,286600.0,40323.87,140600.0,137400.0,130357.23,140600.0,17628.43,Nanofiber Internal Structure II,2605,C-J6MT,2025-12-04 12:43:51
286600.0,376900.0,360610.9,286600.0,40294.61,140600.0,137400.0,130357.23,140600.0,17628.43,Nanofiber Internal Structure II,2605,C-J6MT,2025-12-04 13:37:52
286500.0,376900.0,360637.51,286600.0,40281.61,140600.0,137400.0,130357.23,140600.0,17628.43,Nanofiber Internal Structure II,2605,C-J6MT,2025-12-04 14:23:28
286500.0,376900.0,360777.34,286600.0,40192.86,140600.0,137400.0,130357.23,140600.0,17628.43,Nanofiber Internal Structure II,2605,C-J6MT,2025-12-04 15:24:44
286500.0,376900.0,360855.25,286600.0,40143.17,140600.0,137400.0,130345.95,140600.0,17636.22,Nanofiber Internal Structure II,2605,C-J6MT,2025-12-04 16:30:35
286000.0,376900.0,362380.24,286700.0,39136.25,140600.0,137400.0,130345.95,140600.0,17636.22,Nanofiber Internal Structure II,2605,C-J6MT,2025-12-04 17:24:25
285900.0,376900.0,362385.02,286600.0,39277.38,140600.0,137400.0,130345.95,140600.0,17636.22,Nanofiber Internal Structure II,2605,C-J6MT,2025-12-04 18:33:16
285900.0,376900.0,362483.72,286700.0,39209.13,140600.0,137400.0,130345.95,140600.0,17636.22,Nanofiber Internal Structure II,2605,C-J6MT,2025-12-04 19:21:12
285000.0,376900.0,362781.06,286700.0,39001.92,140600.0,137400.0,130345.95,140600.0,17636.22,Nanofiber Internal Structure II,2605,C-J6MT,2025-12-04 20:24:36
286600.0,376900.0,363012.88,286700.0,38839.33,140600.0,137400.0,130345.95,140600.0,17636.22,Nanofiber Internal Structure II,2605,C-J6MT,2025-12-04 21:20:58
286600.0,376900.0,363079.05,286700.0,38792.89,140600.0,137400.0,130345.95,140600.0,17636.22,Nanofiber Internal Structure II,2605,C-J6MT,2025-12-04 22:19:08
286600.0,376900.0,363261.61,286700.0,38664.03,140600.0,137400.0,130345.95,140600.0,17636.22,Nanofiber Internal Structure II,2605,C-J6MT,2025-12-04 23:21:24
286700.0,376900.0,363344.8,286700.0,38605.01,140600.0,137400.0,130340.3,140600.0,17640.12,Nanofiber Internal Structure II,2605,C-J6MT,2025-12-05 01:28:19
286700.0,376900.0,363612.08,286700.0,38414.0,140600.0,137400.0,130340.3,140600.0,17640.12,Nanofiber Internal Structure II,2605,C-J6MT,2025-12-05 03:20:28
286600.0,376900.0,363411.13,286700.0,38558.12,140600.0,137400.0,130340.3,140600.0,17640.12,Nanofiber Internal Structure II,2605,C-J6MT,2025-12-05 04:31:32
286600.0,376900.0,363561.73,286700.0,38450.25,140600.0,137400.0,130334.64,140600.0,17644.02,Nanofiber Internal Structure II,2605,C-J6MT,2025-12-05 05:22:15
286700.0,376900.0,363796.92,286700.0,38280.52,140600.0,137400.0,130334.64,140600.0,17644.02,Nanofiber Internal Structure II,2605,C-J6MT,2025-12-05 06:32:28
286700.0,376900.0,363931.9,286700.0,38182.32,140600.0,137400.0,130334.64,140600.0,17644.02,Nanofiber Internal Structure II,2605,C-J6MT,2025-12-05 07:22:32
286000.0,376900.0,363999.22,286700.0,38133.43,140600.0,137400.0,130334.64,140600.0,17644.02,Nanofiber Internal Structure II,2605,C-J6MT,2025-12-05 08:29:22
286700.0,376900.0,364033.44,286700.0,38108.04,140600.0,137400.0,130328.98,140600.0,17647.93,Nanofiber Internal Structure II,2605,C-J6MT,2025-12-05 09:23:29
286700.0,376900.0,364169.25,286700.0,38008.14,140600.0,137400.0,130328.98,140600.0,17647.93,Nanofiber Internal Structure II,2605,C-J6MT,2025-12-05 10:23:05
286700.0,376900.0,364356.76,286700.0,37869.17,140600.0,137400.0,130311.95,140600.0,17659.66,Nanofiber Internal Structure II,2605,C-J6MT,2025-12-05 11:20:46
286700.0,376900.0,364476.56,286700.0,37779.75,140600.0,137400.0,130311.95,140600.0,17659.66,Nanofiber Internal Structure II,2605,C-J6MT,2025-12-05 12:42:22
286700.0,376900.0,364596.73,286700.0,37689.56,140600.0,137400.0,130311.95,140600.0,17659.66,Nanofiber Internal Structure II,2605,C-J6MT,2025-12-05 13:33:55
286700.0,376900.0,365011.55,286700.0,37374.28,140600.0,137400.0,130311.95,140600.0,17659.66,Nanofiber Internal Structure II,2605,C-J6MT,2025-12-05 14:22:29
286700.0,376900.0,365185.69,286700.0,37240.1,140600.0,137400.0,130311.95,140600.0,17659.66,Nanofiber Internal Structure II,2605,C-J6MT,2025-12-05 15:23:59
286700.0,376900.0,365220.61,286700.0,37213.06,140600.0,137400.0,130311.95,140600.0,17659.66,Nanofiber Internal Structure II,2605,C-J6MT,2025-12-05 16:26:35
286700.0,376900.0,365501.1,287800.0,36994.26,140600.0,137400.0,130311.95,140600.0,17659.66,Nanofiber Internal Structure II,2605,C-J6MT,2025-12-05 17:20:19
286700.0,376900.0,366103.81,288600.0,36514.21,140600.0,137400.0,130306.27,140600.0,17663.57,Nanofiber Internal Structure II,2605,C-J6MT,2025-12-05 18:28:17
288600.0,376900.0,366671.93,288600.0,36056.04,140600.0,137400.0,130306.27,140600.0,17663.57,Nanofiber Internal Structure II,2605,C-J6MT,2025-12-05 19:18:17
288600.0,376900.0,366937.31,288600.0,35841.26,140600.0,137400.0,130306.27,140600.0,17663.57,Nanofiber Internal Structure II,2605,C-J6MT,2025-12-05 20:23:30
288600.0,376900.0,367079.58,288600.0,35724.98,140600.0,137400.0,130306.27,140600.0,17663.57,Nanofiber Internal Structure II,2605,C-J6MT,2025-12-05 21:20:48
288600.0,376900.0,367563.57,288600.0,35323.35,140600.0,137400.0,130306.27,140600.0,17663.57,Nanofiber Internal Structure II,2605,C-J6MT,2025-12-05 22:20:40
288600.0,376900.0,367653.85,288600.0,35247.37,140600.0,137400.0,130289.17,140600.0,17675.33,Nanofiber Internal Structure II,2605,C-J6MT,2025-12-05 23:20:22
288600.0,376900.0,367889.54,288600.0,35047.43,140600.0,137400.0,130289.17,140600.0,17675.33,Nanofiber Internal Structure II,2605,C-J6MT,2025-12-06 01:23:30
288600.0,376900.0,368163.24,288600.0,34812.33,140600.0,137400.0,130237.52,140600.0,17710.73,Nanofiber Internal Structure II,2605,C-J6MT,2025-12-06 03:11:04
288600.0,376900.0,368438.82,288600.0,34572.37,140600.0,137400.0,130237.52,140600.0,17710.73,Nanofiber Internal Structure II,2605,C-J6MT,2025-12-06 04:23:34
288600.0,376900.0,368623.61,288600.0,34409.62,140600.0,137400.0,130237.52,140600.0,17710.73,Nanofiber Internal Structure II,2605,C-J6MT,2025-12-06 05:20:28
288600.0,376900.0,368734.89,288600.0,34310.89,140600.0,137400.0,130237.52,140600.0,17710.73,Nanofiber Internal Structure II,2605,C-J6MT,2025-12-06 06:29:37
288600.0,376900.0,368939.7,288600.0,34127.71,140600.0,137400.0,130237.52,140600.0,17710.73,Nanofiber Internal Structure II,2605,C-J6MT,2025-12-06 07:19:36
288600.0,376900.0,369033.14,288600.0,34043.51,140600.0,137400.0,130237.52,140600.0,17710.73,Nanofiber Internal Structure II,2605,C-J6MT,2025-12-06 08:26:28
288600.0,376900.0,369070.58,288600.0,34009.67,140600.0,137400.0,130237.52,140600.0,17710.73,Nanofiber Internal Structure II,2605,C-J6MT,2025-12-06 09:21:49
288600.0,376900.0,369220.68,288600.0,33873.33,140600.0,137400.0,130237.52,140600.0,17710.73,Nanofiber Internal Structure II,2605,C-J6MT,2025-12-06 10:20:39
288600.0,376900.0,369277.11,288600.0,33821.8,140600.0,137400.0,130237.52,140600.0,17710.73,Nanofiber Internal Structure II,2605,C-J6MT,2025-12-06 11:17:18
288600.0,376900.0,369484.69,288600.0,33630.98,140600.0,137400.0,130231.75,140600.0,17714.68,Nanofiber Internal Structure II,2605,C-J6MT,2025-12-06 12:38:45
288600.0,376900.0,369579.4,288600.0,33543.24,140600.0,137400.0,130231.75,140600.0,17714.68,Nanofiber Internal Structure II,2605,C-J6MT,2025-12-06 13:28:44
288600.0,376900.0,369883.96,289600.0,33258.2,140600.0,137400.0,130231.75,140600.0,17714.68,Nanofiber Internal Structure II,2605,C-J6MT,2025-12-06 14:19:05
288600.0,376900.0,369960.45,289600.0,33185.9,140600.0,137400.0,130231.75,140600.0,17714.68,Nanofiber Internal Structure II,2605,C-J6MT,2025-12-06 15:19:24
288600.0,376900.0,370094.67,289600.0,33058.36,140600.0,137400.0,130231.75,140600.0,17714.68,Nanofiber Internal Structure II,2605,C-J6MT,2025-12-06 16:24:40
288600.0,376900.0,370499.97,289900.0,32667.74,140600.0,137400.0,130231.75,140600.0,17714.68,Nanofiber Internal Structure II,2605,C-J6MT,2025-12-06 17:18:47
289900.0,376900.0,371196.1,307000.0,31985.25,140600.0,137400.0,130231.75,140600.0,17714.68,Nanofiber Internal Structure II,2605,C-J6MT,2025-12-06 18:27:47
289800.0,376900.0,370313.05,289800.0,32842.33,140600.0,137400.0,130231.75,140600.0,17714.68,Nanofiber Internal Structure II,2605,C-J6MT,2025-12-06 19:17:00
278000.0,376900.0,369367.18,289700.0,33725.37,140600.0,137400.0,130231.75,140600.0,17714.68,Nanofiber Internal Structure II,2605,C-J6MT,2025-12-06 20:22:49
289700.0,376900.0,369859.31,289800.0,33268.02,140600.0,137400.0,130231.75,140600.0,17714.68,Nanofiber Internal Structure II,2605,C-J6MT,2025-12-06 21:19:04
289700.0,376900.0,367611.56,289700.0,35237.5,140600.0,137400.0,130220.19,140600.0,17722.57,Nanofiber Internal Structure II,2605,C-J6MT,2025-12-06 23:19:33
289700.0,376900.0,368076.17,289700.0,34848.38,140600.0,137400.0,130220.19,140600.0,17722.57,Nanofiber Internal Structure II,2605,C-J6MT,2025-12-07 01:43:05
287500.0,376900.0,366779.88,287600.0,35950.94,140600.0,137400.0,130220.19,140600.0,17722.57,Nanofiber Internal Structure II,2605,C-J6MT,2025-12-07 03:29:25
287500.0,376900.0,366815.82,287600.0,35921.31,140600.0,137400.0,130220.19,140600.0,17722.57,Nanofiber Internal Structure II,2605,C-J6MT,2025-12-07 04:34:14
287600.0,376900.0,366959.77,287600.0,35802.2,140600.0,137400.0,130220.19,140600.0,17722.57,Nanofiber Internal Structure II,2605,C-J6MT,2025-12-07 05:19:34
287000.0,376900.0,366995.51,287600.0,35772.82,140600.0,137400.0,130214.4,140600.0,17726.52,Nanofiber Internal Structure II,2605,C-J6MT,2025-12-07 06:29:16
287600.0,376900.0,367230.9,287600.0,35575.79,140600.0,137400.0,130214.4,140600.0,17726.52,Nanofiber Internal Structure II,2605,C-J6MT,2025-12-07 07:20:38
287600.0,376900.0,367394.46,289700.0,35437.75,140600.0,137400.0,130214.4,140600.0,17726.52,Nanofiber Internal Structure II,2605,C-J6MT,2025-12-07 08:25:49
287600.0,376900.0,367540.42,289700.0,35313.65,140600.0,137400.0,130214.4,140600.0,17726.52,Nanofiber Internal Structure II,2605,C-J6MT,2025-12-07 09:21:26
287500.0,376900.0,367932.55,289700.0,34987.17,140600.0,137400.0,130214.4,140600.0,17726.52,Nanofiber Internal Structure II,2605,C-J6MT,2025-12-07 10:20:31
287600.0,376900.0,368173.28,289700.0,34776.57,140700.0,137400.0,130199.2,140700.0,17739.54,Nanofiber Internal Structure II,2605,C-J6MT,2025-12-07 11:16:56
287600.0,376900.0,368266.24,289700.0,34694.6,140700.0,137400.0,130199.2,140700.0,17739.54,Nanofiber Internal Structure II,2605,C-J6MT,2025-12-07 12:36:53
287600.0,376900.0,368415.4,289700.0,34562.27,140700.0,137400.0,130199.2,140700.0,17739.54,Nanofiber Internal Structure II,2605,C-J6MT,2025-12-07 13:27:02
289700.0,376900.0,368709.33,289700.0,34304.46,140700.0,137400.0,130193.33,140700.0,17743.47,Nanofiber Internal Structure II,2605,C-J6MT,2025-12-07 14:18:54
289200.0,376900.0,368995.92,289300.0,34058.7,140700.0,137400.0,130158.64,140600.0,17767.46,Nanofiber Internal Structure II,2605,C-J6MT,2025-12-07 15:19:05
289300.0,376900.0,369218.62,289700.0,33858.81,140700.0,137400.0,130158.64,140600.0,17767.46,Nanofiber Internal Structure II,2605,C-J6MT,2025-12-07 16:23:36
289300.0,376900.0,369479.97,289700.0,33621.35,140700.0,137400.0,130158.64,140600.0,17767.46,Nanofiber Internal Structure II,2605,C-J6MT,2025-12-07 17:17:40
289300.0,376900.0,369743.04,289700.0,33379.11,140700.0,137400.0,130158.64,140600.0,17767.46,Nanofiber Internal Structure II,2605,C-J6MT,2025-12-07 18:26:46
289700.0,376900.0,369969.79,289700.0,33167.77,140700.0,137400.0,130158.64,140600.0,17767.46,Nanofiber Internal Structure II,2605,C-J6MT,2025-12-07 19:16:59
289700.0,376900.0,370462.91,289700.0,32702.05,140700.0,137400.0,130158.64,140600.0,17767.46,Nanofiber Internal Structure II,2605,C-J6MT,2025-12-07 20:22:51
289700.0,376900.0,370654.19,289700.0,32518.14,140700.0,137400.0,130158.64,140600.0,17767.46,Nanofiber Internal Structure II,2605,C-J6MT,2025-12-07 21:17:49
289700.0,376900.0,370769.39,289700.0,32406.47,140700.0,137400.0,130146.8,140600.0,17775.36,Nanofiber Internal Structure II,2605,C-J6MT,2025-12-07 22:19:18
289700.0,376900.0,370942.8,306900.0,32237.08,140700.0,137400.0,130123.05,140600.0,17791.2,Nanofiber Internal Structure II,2605,C-J6MT,2025-12-07 23:18:56
289700.0,377000.0,371447.94,307000.0,31734.57,140700.0,137400.0,130111.14,140600.0,17799.13,Nanofiber Internal Structure II,2605,C-J6MT,2025-12-08 01:28:27
300800.0,377000.0,371919.08,309800.0,31305.58,140700.0,137400.0,130111.14,140600.0,17799.13,Nanofiber Internal Structure II,2605,C-J6MT,2025-12-08 03:22:59
306900.0,376900.0,369510.3,306900.0,33019.88,140700.0,137400.0,130111.14,140600.0,17799.13,Nanofiber Internal Structure II,2605,C-J6MT,2025-12-08 04:35:08
306900.0,376900.0,369510.3,306900.0,33019.88,140700.0,137400.0,130111.14,140600.0,17799.13,Nanofiber Internal Structure II,2605,C-J6MT,2025-12-08 05:23:48
306900.0,376900.0,369524.41,306900.0,33010.45,140700.0,137400.0,130111.14,140600.0,17799.13,Nanofiber Internal Structure II,2605,C-J6MT,2025-12-08 06:35:13
306900.0,376900.0,369524.41,306900.0,33010.45,140700.0,137400.0,130111.14,140600.0,17799.13,Nanofiber Internal Structure II,2605,C-J6MT,2025-12-08 07:25:01
306900.0,376900.0,369552.66,306900.0,32991.56,140700.0,137400.0,130111.14,140600.0,17799.13,Nanofiber Internal Structure II,2605,C-J6MT,2025-12-08 08:32:27
306900.0,376900.0,369595.09,306900.0,32963.13,140700.0,137400.0,130111.14,140600.0,17799.13,Nanofiber Internal Structure II,2605,C-J6MT,2025-12-08 09:30:23
306700.0,376900.0,369439.39,306900.0,33067.51,140800.0,137400.0,130147.34,140600.0,17775.65,Nanofiber Internal Structure II,2605,C-J6MT,2025-12-08 10:24:27
306700.0,376900.0,369495.96,306900.0,33029.65,140800.0,137400.0,130147.34,140600.0,17775.65,Nanofiber Internal Structure II,2605,C-J6MT,2025-12-08 11:20:07
306800.0,376900.0,369481.34,306900.0,33039.89,140800.0,137400.0,130147.34,140600.0,17775.65,Nanofiber Internal Structure II,2605,C-J6MT,2025-12-08 12:42:21
306800.0,376900.0,369552.04,306900.0,32992.56,140900.0,137400.0,130147.77,140600.0,17775.88,Nanofiber Internal Structure II,2605,C-J6MT,2025-12-08 13:36:35
306800.0,376900.0,369693.93,306900.0,32896.99,140900.0,137400.0,130147.77,140600.0,17775.88,Nanofiber Internal Structure II,2605,C-J6MT,2025-12-08 14:23:34
306800.0,376900.0,369807.9,306900.0,32819.66,140900.0,137400.0,130147.77,140600.0,17775.88,Nanofiber Internal Structure II,2605,C-J6MT,2025-12-08 15:24:44
306800.0,376900.0,368603.79,306800.0,33611.87,140900.0,137400.0,130147.77,140600.0,17775.88,Nanofiber Internal Structure II,2605,C-J6MT,2025-12-08 16:29:41
306800.0,376900.0,368851.97,306800.0,33453.04,140900.0,137400.0,130147.77,140600.0,17775.88,Nanofiber Internal Structure II,2605,C-J6MT,2025-12-08 17:21:31
306800.0,376900.0,368851.97,306800.0,33453.04,140900.0,137400.0,130147.77,140600.0,17775.88,Nanofiber Internal Structure II,2605,C-J6MT,2025-12-08 18:32:54
306800.0,376900.0,368921.27,306800.0,33408.29,140900.0,137400.0,130147.77,140600.0,17775.88,Nanofiber Internal Structure II,2605,C-J6MT,2025-12-08 19:18:54
304800.0,376900.0,367613.62,304900.0,34264.48,140900.0,137400.0,130147.77,140600.0,17775.88,Nanofiber Internal Structure II,2605,C-J6MT,2025-12-08 20:25:30
304800.0,376900.0,367668.82,304900.0,34229.55,140900.0,137400.0,130141.74,140600.0,17779.78,Nanofiber Internal Structure II,2605,C-J6MT,2025-12-08 21:19:27
304800.0,376900.0,367918.41,304900.0,34070.23,140900.0,137400.0,130141.74,140600.0,17779.78,Nanofiber Internal Structure II,2605,C-J6MT,2025-12-08 22:20:52
304700.0,376900.0,368268.34,306800.0,33843.09,140900.0,137400.0,130141.74,140600.0,17779.78,Nanofiber Internal Structure II,2605,C-J6MT,2025-12-08 23:21:32
304900.0,376900.0,368650.08,306800.0,33590.7,140900.0,137400.0,130141.74,140600.0,17779.78,Nanofiber Internal Structure II,2605,C-J6MT,2025-12-09 01:27:00
304900.0,376900.0,368806.89,306800.0,33485.48,140900.0,137400.0,130141.74,140600.0,17779.78,Nanofiber Internal Structure II,2605,C-J6MT,2025-12-09 03:20:16
305000.0,376900.0,369054.89,306800.0,33524.77,140900.0,137400.0,130141.74,140600.0,17779.78,Nanofiber Internal Structure II,2605,C-J6MT,2025-12-09 04:31:03
304900.0,376900.0,369072.9,304900.0,33576.36,140900.0,137400.0,130141.74,140600.0,17779.78,Nanofiber Internal Structure II,2605,C-J6MT,2025-12-09 05:22:21
304900.0,376900.0,369131.02,304900.0,33537.04,140900.0,137400.0,130141.74,140600.0,17779.78,Nanofiber Internal Structure II,2605,C-J6MT,2025-12-09 06:33:39
304800.0,376900.0,369116.46,304900.0,33546.93,140900.0,137400.0,130141.74,140600.0,17779.78,Nanofiber Internal Structure II,2605,C-J6MT,2025-12-09 07:23:47
304800.0,376900.0,368610.44,304800.0,33885.92,140900.0,137400.0,130129.65,140600.0,17787.58,Nanofiber Internal Structure II,2605,C-J6MT,2025-12-09 08:31:01
304800.0,376900.0,369057.91,304900.0,33586.93,140800.0,137400.0,130117.59,140600.0,17795.42,Nanofiber Internal Structure II,2605,C-J6MT,2025-12-09 10:25:30
304800.0,376900.0,369101.55,304900.0,33557.37,140800.0,137400.0,130117.59,140600.0,17795.42,Nanofiber Internal Structure II,2605,C-J6MT,2025-12-09 11:20:36
304900.0,376900.0,369836.77,304900.0,33049.23,140800.0,137400.0,130117.59,140600.0,17795.42,Nanofiber Internal Structure II,2605,C-J6MT,2025-12-09 12:43:10
304900.0,376900.0,370315.92,304900.0,32706.92,140800.0,137400.0,130117.59,140600.0,17795.42,Nanofiber Internal Structure II,2605,C-J6MT,2025-12-09 13:38:11
304900.0,376900.0,370451.96,306800.0,32608.05,140800.0,137400.0,130117.59,140600.0,17795.42,Nanofiber Internal Structure II,2605,C-J6MT,2025-12-09 14:24:13
304800.0,376900.0,370436.66,306800.0,32619.35,140800.0,137400.0,130117.59,140600.0,17795.42,Nanofiber Internal Structure II,2605,C-J6MT,2025-12-09 15:25:36
304800.0,376900.0,370588.48,306800.0,32508.14,140800.0,137400.0,130117.59,140600.0,17795.42,Nanofiber Internal Structure II,2605,C-J6MT,2025-12-09 16:28:07
304800.0,376900.0,370771.32,306800.0,32373.2,140800.0,137400.0,130105.55,140600.0,17803.3,Nanofiber Internal Structure II,2605,C-J6MT,2025-12-09 17:22:05
304800.0,376900.0,370909.48,306800.0,32269.96,140800.0,137400.0,130105.55,140600.0,17803.3,Nanofiber Internal Structure II,2605,C-J6MT,2025-12-09 18:27:35
304800.0,376900.0,369508.98,304800.0,33280.48,140800.0,137400.0,130105.55,140600.0,17803.3,Nanofiber Internal Structure II,2605,C-J6MT,2025-12-09 19:17:18
304800.0,376900.0,369671.53,304800.0,33167.21,140800.0,137400.0,130105.55,140600.0,17803.3,Nanofiber Internal Structure II,2605,C-J6MT,2025-12-09 20:22:14
304800.0,376900.0,369775.4,304800.0,33094.29,140800.0,137400.0,130105.55,140600.0,17803.3,Nanofiber Internal Structure II,2605,C-J6MT,2025-12-09 21:20:14
304600.0,376900.0,367654.27,304600.0,34509.53,140800.0,137400.0,130105.55,140600.0,17803.3,Nanofiber Internal Structure II,2605,C-J6MT,2025-12-09 22:21:36
304600.0,376900.0,367934.71,304600.0,34331.89,140800.0,137400.0,130093.49,140600.0,17811.18,Nanofiber Internal Structure II,2605,C-J6MT,2025-12-09 23:21:28
304600.0,376900.0,368503.11,304600.0,33963.21,140800.0,137400.0,130087.45,140600.0,17815.13,Nanofiber Internal Structure II,2605,C-J6MT,2025-12-10 01:28:52
303900.0,376900.0,361053.8,304000.0,38038.19,140600.0,137400.0,130039.31,140600.0,17847.02,Nanofiber Internal Structure II,2605,C-J6MT,2025-12-10 03:24:17
303900.0,376900.0,361154.66,304000.0,37995.56,140600.0,137400.0,130039.31,140600.0,17847.02,Nanofiber Internal Structure II,2605,C-J6MT,2025-12-10 04:34:38
303800.0,376900.0,360056.27,303800.0,38461.81,140600.0,137400.0,130033.31,140600.0,17851.04,Nanofiber Internal Structure II,2605,C-J6MT,2025-12-10 05:22:30
303800.0,376900.0,360111.29,303800.0,38439.23,140600.0,137400.0,130033.31,140600.0,17851.04,Nanofiber Internal Structure II,2605,C-J6MT,2025-12-10 06:33:06
303800.0,376900.0,360177.46,303800.0,38411.97,140600.0,137400.0,130033.31,140600.0,17851.04,Nanofiber Internal Structure II,2605,C-J6MT,2025-12-10 07:24:12
303700.0,375000.0,358171.16,303700.0,39190.36,140600.0,137400.0,130033.31,140600.0,17851.04,Nanofiber Internal Structure II,2605,C-J6MT,2025-12-10 08:29:36
303700.0,375000.0,358202.05,303700.0,39179.18,140600.0,137400.0,130033.31,140600.0,17851.04,Nanofiber Internal Structure II,2605,C-J6MT,2025-12-10 09:26:10
303700.0,375000.0,358284.61,303700.0,39149.17,140600.0,137400.0,130033.31,140600.0,17851.04,Nanofiber Internal Structure II,2605,C-J6MT,2025-12-10 10:25:05
303700.0,376900.0,358388.15,303700.0,39111.29,140600.0,137400.0,130033.31,140600.0,17851.04,Nanofiber Internal Structure II,2605,C-J6MT,2025-12-10 11:21:14
303600.0,375000.0,358263.43,303700.0,39157.33,140700.0,137400.0,130606.02,140700.0,17462.64,Nanofiber Internal Structure II,2605,C-J6MT,2025-12-10 12:42:50
303600.0,376900.0,358315.22,303700.0,39138.36,140700.0,137400.0,130606.02,140700.0,17462.64,Nanofiber Internal Structure II,2605,C-J6MT,2025-12-10 13:39:47
303600.0,376900.0,358346.34,303700.0,39126.92,140700.0,137400.0,130606.02,140700.0,17462.64,Nanofiber Internal Structure II,2605,C-J6MT,2025-12-10 14:24:43
303600.0,376900.0,358512.91,303700.0,39065.29,140700.0,137400.0,130606.02,140700.0,17462.64,Nanofiber Internal Structure II,2605,C-J6MT,2025-12-10 15:26:48
303700.0,376900.0,358596.43,303700.0,39034.24,140700.0,137400.0,130606.02,140700.0,17462.64,Nanofiber Internal Structure II,2605,C-J6MT,2025-12-10 16:29:17
303700.0,376900.0,358911.82,303700.0,38915.42,140700.0,137400.0,130606.02,140700.0,17462.64,Nanofiber Internal Structure II,2605,C-J6MT,2025-12-10 17:24:26
300000.0,376900.0,358911.05,303700.0,38916.42,140700.0,137400.0,130606.02,140700.0,17462.64,Nanofiber Internal Structure II,2605,C-J6MT,2025-12-10 18:31:25
303700.0,376900.0,359007.15,303700.0,38879.0,140700.0,137400.0,130606.02,140700.0,17462.64,Nanofiber Internal Structure II,2605,C-J6MT,2025-12-10 19:19:43
303700.0,376900.0,359102.8,303700.0,38842.21,140700.0,137400.0,130606.02,140700.0,17462.64,Nanofiber Internal Structure II,2605,C-J6MT,2025-12-10 20:25:38
303700.0,376900.0,359230.85,303700.0,38792.58,140700.0,137400.0,130606.02,140700.0,17462.64,Nanofiber Internal Structure II,2605,C-J6MT,2025-12-10 21:24:11
303600.0,376900.0,359316.15,303700.0,38759.63,140700.0,137400.0,130606.02,140700.0,17462.64,Nanofiber Internal Structure II,2605,C-J6MT,2025-12-10 22:21:45
303700.0,376900.0,359477.57,303700.0,38696.07,140700.0,137400.0,130606.02,140700.0,17462.64,Nanofiber Internal Structure II,2605,C-J6MT,2025-12-10 23:20:00
303700.0,376900.0,359672.48,303700.0,38618.42,140700.0,137400.0,130606.02,140700.0,17462.64,Nanofiber Internal Structure II,2605,C-J6MT,2025-12-11 01:29:45
303500.0,376900.0,359783.15,303500.0,38581.79,140700.0,137400.0,130606.02,140700.0,17462.64,Nanofiber Internal Structure II,2605,C-J6MT,2025-12-11 03:25:58
303500.0,376900.0,359947.93,303700.0,38514.35,140700.0,137400.0,130606.02,140700.0,17462.64,Nanofiber Internal Structure II,2605,C-J6MT,2025-12-11 04:37:27
303500.0,376900.0,359969.97,303700.0,38505.27,140700.0,137400.0,130606.02,140700.0,17462.64,Nanofiber Internal Structure II,2605,C-J6MT,2025-12-11 05:24:17
303500.0,376900.0,359981.0,303700.0,38500.72,140700.0,137400.0,130606.02,140700.0,17462.64,Nanofiber Internal Structure II,2605,C-J6MT,2025-12-11 06:33:56
303500.0,376900.0,360014.11,303700.0,38487.06,140700.0,137400.0,130606.02,140700.0,17462.64,Nanofiber Internal Structure II,2605,C-J6MT,2025-12-11 07:26:33
303500.0,376900.0,360047.26,303700.0,38473.34,140700.0,137400.0,130606.02,140700.0,17462.64,Nanofiber Internal Structure II,2605,C-J6MT,2025-12-11 08:30:51
303500.0,376900.0,360069.38,303700.0,38464.17,140700.0,137400.0,130606.02,140700.0,17462.64,Nanofiber Internal Structure II,2605,C-J6MT,2025-12-11 09:27:13
303400.0,376900.0,360231.88,303400.0,38399.86,140700.0,137400.0,130606.02,140700.0,17462.64,Nanofiber Internal Structure II,2605,C-J6MT,2025-12-11 10:25:00
303400.0,376900.0,360265.35,303400.0,38385.76,140700.0,137400.0,130600.59,140700.0,17466.41,Nanofiber Internal Structure II,2605,C-J6MT,2025-12-11 11:20:46
303400.0,376900.0,360444.52,303500.0,38309.77,140700.0,137400.0,130600.59,140700.0,17466.41,Nanofiber Internal Structure II,2605,C-J6MT,2025-12-11 12:44:45
303400.0,376900.0,360692.73,303800.0,38203.05,140700.0,137400.0,130600.59,140700.0,17466.41,Nanofiber Internal Structure II,2605,C-J6MT,2025-12-11 13:40:32
303400.0,376900.0,360760.8,303800.0,38173.49,140700.0,137400.0,130600.59,140700.0,17466.41,Nanofiber Internal Structure II,2605,C-J6MT,2025-12-11 14:24:44
303400.0,376900.0,358282.54,303400.0,39169.61,140700.0,137400.0,130600.59,140700.0,17466.41,Nanofiber Internal Structure II,2605,C-J6MT,2025-12-11 15:26:18
303400.0,376900.0,358575.3,303400.0,39060.42,140700.0,137400.0,130595.17,140700.0,17470.19,Nanofiber Internal Structure II,2605,C-J6MT,2025-12-11 16:31:07
303000.0,375000.0,358272.23,303400.0,38901.82,140700.0,137400.0,130595.17,140700.0,17470.19,Nanofiber Internal Structure II,2605,C-J6MT,2025-12-11 17:27:39
302900.0,375000.0,358187.11,303400.0,38934.44,140700.0,137400.0,130567.94,140700.0,17489.1,Nanofiber Internal Structure II,2605,C-J6MT,2025-12-11 18:30:24
303400.0,376900.0,358602.58,303400.0,38775.14,140700.0,137400.0,130567.94,140700.0,17489.1,Nanofiber Internal Structure II,2605,C-J6MT,2025-12-11 19:21:33
303400.0,376900.0,358656.0,303400.0,38754.59,140700.0,137400.0,130567.94,140700.0,17489.1,Nanofiber Internal Structure II,2605,C-J6MT,2025-12-11 20:25:33
303400.0,376900.0,358730.97,303400.0,38725.62,140700.0,137400.0,130551.53,140700.0,17500.47,Nanofiber Internal Structure II,2605,C-J6MT,2025-12-11 21:23:17
303400.0,376900.0,358924.66,303400.0,38650.08,140700.0,137400.0,130551.53,140700.0,17500.47,Nanofiber Internal Structure II,2605,C-J6MT,2025-12-11 22:21:24
303300.0,376900.0,359055.31,303300.0,38616.56,140700.0,137400.0,130551.53,140700.0,17500.47,Nanofiber Internal Structure II,2605,C-J6MT,2025-12-11 23:20:54
303300.0,376900.0,359142.44,303300.0,38581.84,140700.0,137400.0,130535.07,140700.0,17511.87,Nanofiber Internal Structure II,2605,C-J6MT,2025-12-12 01:29:41
303300.0,376900.0,359306.55,303400.0,38515.9,140700.0,137400.0,130535.07,140700.0,17511.87,Nanofiber Internal Structure II,2605,C-J6MT,2025-12-12 03:25:53
303300.0,376900.0,359427.5,303400.0,38466.83,140700.0,137400.0,130529.57,140700.0,17515.67,Nanofiber Internal Structure II,2605,C-J6MT,2025-12-12 04:35:45
303300.0,376900.0,359427.5,303400.0,38466.83,140700.0,137400.0,130529.57,140700.0,17515.67,Nanofiber Internal Structure II,2605,C-J6MT,2025-12-12 05:22:54
303300.0,376900.0,359493.7,303400.0,38439.81,140700.0,137400.0,130529.57,140700.0,17515.67,Nanofiber Internal Structure II,2605,C-J6MT,2025-12-12 06:33:39
303300.0,376900.0,359526.85,303400.0,38426.24,140700.0,137400.0,130529.57,140700.0,17515.67,Nanofiber Internal Structure II,2605,C-J6MT,2025-12-12 07:24:49
303200.0,376900.0,359619.34,303200.0,38394.5,140700.0,137400.0,130529.57,140700.0,17515.67,Nanofiber Internal Structure II,2605,C-J6MT,2025-12-12 08:30:25
303200.0,376900.0,359630.46,303200.0,38389.89,140700.0,137400.0,130529.57,140700.0,17515.67,Nanofiber Internal Structure II,2605,C-J6MT,2025-12-12 09:26:13
303200.0,376900.0,359775.42,303200.0,38329.56,140700.0,137400.0,130529.57,140700.0,17515.67,Nanofiber Internal Structure II,2605,C-J6MT,2025-12-12 10:23:42
303200.0,376900.0,359775.42,303200.0,38329.56,140700.0,137400.0,130529.57,140700.0,17515.67,Nanofiber Internal Structure II,2605,C-J6MT,2025-12-12 11:21:16
303200.0,376900.0,359887.43,303200.0,38282.54,140700.0,137400.0,130529.57,140700.0,17515.67,Nanofiber Internal Structure II,2605,C-J6MT,2025-12-12 12:42:56
303200.0,376900.0,359966.11,303200.0,38249.32,140700.0,137400.0,130529.57,140700.0,17515.67,Nanofiber Internal Structure II,2605,C-J6MT,2025-12-12 13:37:14
303200.0,376900.0,359988.62,303200.0,38239.78,140700.0,137400.0,130513.03,140700.0,17527.09,Nanofiber Internal Structure II,2605,C-J6MT,2025-12-12 14:21:49
303200.0,376900.0,360101.48,303200.0,38191.76,140700.0,137400.0,130507.51,140700.0,17530.9,Nanofiber Internal Structure II,2605,C-J6MT,2025-12-12 15:24:20
303200.0,376900.0,360237.5,303200.0,38133.42,140700.0,137400.0,130507.51,140700.0,17530.9,Nanofiber Internal Structure II,2605,C-J6MT,2025-12-12 16:27:05
303100.0,376900.0,360146.56,303200.0,38172.65,140700.0,137400.0,130507.51,140700.0,17530.9,Nanofiber Internal Structure II,2605,C-J6MT,2025-12-12 17:21:48
303100.0,376900.0,360237.48,303200.0,38133.44,140700.0,137400.0,130501.98,140700.0,17534.72,Nanofiber Internal Structure II,2605,C-J6MT,2025-12-12 18:32:31
303000.0,376900.0,359717.58,303200.0,38355.45,140700.0,137400.0,130501.98,140700.0,17534.72,Nanofiber Internal Structure II,2605,C-J6MT,2025-12-12 19:19:41
303000.0,376900.0,359762.41,303200.0,38336.6,140700.0,137400.0,130501.98,140700.0,17534.72,Nanofiber Internal Structure II,2605,C-J6MT,2025-12-12 20:24:43
303000.0,374000.0,358338.81,303200.0,37746.35,140700.0,137400.0,130501.98,140700.0,17534.72,Nanofiber Internal Structure II,2605,C-J6MT,2025-12-12 21:20:26
303000.0,374000.0,358418.18,303200.0,37713.61,140700.0,137400.0,130490.91,140700.0,17542.35,Nanofiber Internal Structure II,2605,C-J6MT,2025-12-12 22:21:44
302900.0,374000.0,357011.21,302900.0,38270.0,140700.0,137400.0,130490.91,140700.0,17542.35,Nanofiber Internal Structure II,2605,C-J6MT,2025-12-12 23:21:01
302900.0,374000.0,357162.95,302900.0,38212.44,140700.0,137400.0,130485.36,140700.0,17546.17,Nanofiber Internal Structure II,2605,C-J6MT,2025-12-13 01:24:48
302900.0,374000.0,357425.07,302900.0,38111.56,140700.0,137400.0,130457.53,140700.0,17565.3,Nanofiber Internal Structure II,2605,C-J6MT,2025-12-13 03:17:00
302900.0,374000.0,357447.03,302900.0,38103.03,140700.0,137400.0,130457.53,140700.0,17565.3,Nanofiber Internal Structure II,2605,C-J6MT,2025-12-13 04:27:47
302800.0,374000.0,357447.64,302800.0,38157.38,140700.0,137400.0,130457.53,140700.0,17565.3,Nanofiber Internal Structure II,2605,C-J6MT,2025-12-13 05:23:04
302800.0,374000.0,357469.68,302800.0,38148.79,140700.0,137400.0,130457.53,140700.0,17565.3,Nanofiber Internal Structure II,2605,C-J6MT,2025-12-13 06:30:33
302800.0,374000.0,357535.92,302800.0,38122.9,140700.0,137400.0,130457.53,140700.0,17565.3,Nanofiber Internal Structure II,2605,C-J6MT,2025-12-13 07:21:42
302700.0,374000.0,357657.14,302700.0,38085.39,140700.0,137400.0,130457.53,140700.0,17565.3,Nanofiber Internal Structure II,2605,C-J6MT,2025-12-13 08:26:05
302700.0,374000.0,357802.16,302700.0,38027.6,140700.0,137400.0,130451.95,140700.0,17569.14,Nanofiber Internal Structure II,2605,C-J6MT,2025-12-13 09:21:12
302600.0,374000.0,357757.35,302700.0,38045.62,140800.0,137400.0,130508.03,140700.0,17531.17,Nanofiber Internal Structure II,2605,C-J6MT,2025-12-13 10:21:18
302700.0,374000.0,357824.54,302700.0,38018.63,140800.0,137400.0,130508.03,140700.0,17531.17,Nanofiber Internal Structure II,2605,C-J6MT,2025-12-13 11:20:41
302700.0,374000.0,357936.71,302700.0,37973.48,140800.0,137400.0,130502.45,140700.0,17534.96,Nanofiber Internal Structure II,2605,C-J6MT,2025-12-13 12:38:29
302700.0,374000.0,358038.04,302700.0,37932.38,140800.0,137400.0,130502.45,140700.0,17534.96,Nanofiber Internal Structure II,2605,C-J6MT,2025-12-13 13:28:46
302700.0,374000.0,358105.81,302700.0,37904.75,140800.0,137400.0,130502.45,140700.0,17534.96,Nanofiber Internal Structure II,2605,C-J6MT,2025-12-13 14:26:11
302700.0,374000.0,358219.12,302800.0,37858.26,140800.0,137400.0,130502.45,140700.0,17534.96,Nanofiber Internal Structure II,2605,C-J6MT,2025-12-13 15:20:09
302700.0,375000.0,358378.54,302800.0,37792.26,140800.0,137400.0,130502.45,140700.0,17534.96,Nanofiber Internal Structure II,2605,C-J6MT,2025-12-13 16:24:26
302700.0,376900.0,358561.85,302800.0,37715.51,140800.0,137400.0,130502.45,140700.0,17534.96,Nanofiber Internal Structure II,2605,C-J6MT,2025-12-13 17:19:14
302700.0,374000.0,357534.52,302700.0,38134.25,140800.0,137400.0,130496.87,140700.0,17538.75,Nanofiber Internal Structure II,2605,C-J6MT,2025-12-13 18:27:09
302700.0,374000.0,357623.28,302700.0,38099.24,140800.0,137400.0,130496.87,140700.0,17538.75,Nanofiber Internal Structure II,2605,C-J6MT,2025-12-13 19:17:42
302600.0,374000.0,357801.59,302700.0,38028.33,140800.0,137400.0,130463.22,140700.0,17561.53,Nanofiber Internal Structure II,2605,C-J6MT,2025-12-13 20:22:36
302700.0,374000.0,357902.5,302700.0,37987.73,140700.0,137400.0,130446.36,140700.0,17572.97,Nanofiber Internal Structure II,2605,C-J6MT,2025-12-13 21:18:35
302700.0,374000.0,357547.99,302700.0,37650.47,140700.0,137400.0,130440.77,140700.0,17576.81,Nanofiber Internal Structure II,2605,C-J6MT,2025-12-13 22:20:05
302700.0,374000.0,357627.54,302700.0,37618.13,140700.0,137400.0,130435.16,140700.0,17580.65,Nanofiber Internal Structure II,2605,C-J6MT,2025-12-13 23:20:03
302700.0,374000.0,357902.03,302800.0,37505.22,140700.0,137400.0,130435.16,140700.0,17580.65,Nanofiber Internal Structure II,2605,C-J6MT,2025-12-14 01:44:07
302700.0,374000.0,357994.14,302800.0,37466.86,140700.0,137400.0,130435.16,140700.0,17580.65,Nanofiber Internal Structure II,2605,C-J6MT,2025-12-14 03:31:08
302700.0,374000.0,358237.39,302800.0,37364.43,140700.0,137400.0,130429.56,140700.0,17584.49,Nanofiber Internal Structure II,2605,C-J6MT,2025-12-14 04:37:56
302700.0,374000.0,358272.31,302800.0,37349.58,140700.0,137400.0,130429.56,140700.0,17584.49,Nanofiber Internal Structure II,2605,C-J6MT,2025-12-14 05:21:19
302800.0,374800.0,358494.3,302900.0,37254.65,140700.0,137400.0,130429.56,140700.0,17584.49,Nanofiber Internal Structure II,2605,C-J6MT,2025-12-14 06:30:21
302700.0,374000.0,357638.65,302700.0,37613.84,140700.0,137400.0,130429.56,140700.0,17584.49,Nanofiber Internal Structure II,2605,C-J6MT,2025-12-14 07:20:31
302700.0,374000.0,357661.43,302700.0,37604.54,140700.0,137400.0,130429.56,140700.0,17584.49,Nanofiber Internal Structure II,2605,C-J6MT,2025-12-14 08:26:36
302000.0,374000.0,357534.48,302700.0,37657.84,140700.0,137400.0,130429.56,140700.0,17584.49,Nanofiber Internal Structure II,2605,C-J6MT,2025-12-14 09:21:20
302700.0,374000.0,357684.23,302700.0,37595.22,140700.0,137400.0,130429.56,140700.0,17584.49,Nanofiber Internal Structure II,2605,C-J6MT,2025-12-14 10:21:21
302600.0,374000.0,357844.3,302700.0,37529.41,140700.0,137400.0,130429.56,140700.0,17584.49,Nanofiber Internal Structure II,2605,C-J6MT,2025-12-14 11:18:43
302600.0,374000.0,357518.93,302600.0,37667.79,140800.0,137400.0,130485.88,140700.0,17546.44,Nanofiber Internal Structure II,2605,C-J6MT,2025-12-14 12:38:30
302600.0,374000.0,357575.79,302600.0,37644.65,140900.0,137400.0,130493.0,140900.0,17550.15,Nanofiber Internal Structure II,2605,C-J6MT,2025-12-14 13:28:58
302600.0,374000.0,357769.98,302600.0,37564.95,140900.0,137400.0,130493.0,140900.0,17550.15,Nanofiber Internal Structure II,2605,C-J6MT,2025-12-14 14:19:39
302600.0,374000.0,358000.2,302600.0,37469.11,140900.0,137400.0,130493.0,140900.0,17550.15,Nanofiber Internal Structure II,2605,C-J6MT,2025-12-14 15:20:23
302500.0,374000.0,357953.87,302600.0,37488.64,140900.0,137400.0,130493.0,140900.0,17550.15,Nanofiber Internal Structure II,2605,C-J6MT,2025-12-14 16:24:06
302500.0,374000.0,357988.58,302600.0,37474.05,140900.0,137400.0,130493.0,140900.0,17550.15,Nanofiber Internal Structure II,2605,C-J6MT,2025-12-14 17:18:47
302600.0,374000.0,358034.9,302600.0,37454.54,140900.0,137400.0,130493.0,140900.0,17550.15,Nanofiber Internal Structure II,2605,C-J6MT,2025-12-14 18:28:30
302600.0,374000.0,358092.83,302600.0,37430.14,140900.0,137400.0,130487.34,140900.0,17553.93,Nanofiber Internal Structure II,2605,C-J6MT,2025-12-14 19:17:12
302600.0,374000.0,358174.13,302600.0,37395.73,140900.0,137400.0,130470.34,140900.0,17565.25,Nanofiber Internal Structure II,2605,C-J6MT,2025-12-14 20:23:23
302000.0,374000.0,358172.49,302600.0,37397.88,140900.0,137400.0,130470.34,140900.0,17565.25,Nanofiber Internal Structure II,2605,C-J6MT,2025-12-14 21:20:00
302600.0,374000.0,358466.33,302700.0,37270.64,140900.0,137400.0,130453.29,140900.0,17576.6,Nanofiber Internal Structure II,2605,C-J6MT,2025-12-14 22:19:58
302700.0,376900.0,358880.65,302800.0,37089.11,140900.0,137400.0,130441.89,140900.0,17584.17,Nanofiber Internal Structure II,2605,C-J6MT,2025-12-14 23:19:47
302200.0,376900.0,358723.83,302400.0,37345.91,140900.0,137400.0,130441.89,140900.0,17584.17,Nanofiber Internal Structure II,2605,C-J6MT,2025-12-15 01:42:30
302400.0,376900.0,358807.82,302400.0,37308.79,140900.0,137400.0,130436.18,140900.0,17587.96,Nanofiber Internal Structure II,2605,C-J6MT,2025-12-15 03:31:40
302200.0,374000.0,357654.38,302300.0,37801.11,140900.0,137400.0,130436.18,140900.0,17587.96,Nanofiber Internal Structure II,2605,C-J6MT,2025-12-15 04:42:12
302100.0,374000.0,356531.97,302100.0,38248.57,140900.0,137400.0,130436.18,140900.0,17587.96,Nanofiber Internal Structure II,2605,C-J6MT,2025-12-15 05:26:39
302100.0,374000.0,356598.7,302100.0,38222.92,140900.0,137400.0,130436.18,140900.0,17587.96,Nanofiber Internal Structure II,2605,C-J6MT,2025-12-15 06:35:57
302100.0,374000.0,356598.7,302100.0,38222.92,140900.0,137400.0,130436.18,140900.0,17587.96,Nanofiber Internal Structure II,2605,C-J6MT,2025-12-15 07:25:49
302100.0,374000.0,356632.13,302100.0,38210.02,140900.0,137400.0,130436.18,140900.0,17587.96,Nanofiber Internal Structure II,2605,C-J6MT,2025-12-15 08:32:37
302100.0,374000.0,356677.09,302100.0,38183.61,140900.0,137400.0,130436.18,140900.0,17587.96,Nanofiber Internal Structure II,2605,C-J6MT,2025-12-15 09:33:00
302100.0,374000.0,356699.45,302100.0,38174.94,140900.0,137400.0,130436.18,140900.0,17587.96,Nanofiber Internal Structure II,2605,C-J6MT,2025-12-15 10:27:25
302100.0,374000.0,356710.64,302100.0,38170.59,140900.0,137400.0,130436.18,140900.0,17587.96,Nanofiber Internal Structure II,2605,C-J6MT,2025-12-15 11:21:25
302100.0,374000.0,356800.33,302100.0,38135.64,140900.0,137400.0,130401.79,140900.0,17610.75,Nanofiber Internal Structure II,2605,C-J6MT,2025-12-15 12:46:21
302100.0,374000.0,356879.04,302100.0,38104.79,140900.0,137400.0,130378.74,140900.0,17625.98,Nanofiber Internal Structure II,2605,C-J6MT,2025-12-15 13:42:15
302100.0,374000.0,356901.57,302100.0,38095.92,140900.0,137400.0,130378.74,140900.0,17625.98,Nanofiber Internal Structure II,2605,C-J6MT,2025-12-15 14:26:30
302100.0,374000.0,357093.84,302200.0,38019.74,140900.0,137400.0,130372.97,140900.0,17629.8,Nanofiber Internal Structure II,2605,C-J6MT,2025-12-15 15:28:53
302100.0,374000.0,357150.65,302300.0,37997.04,140900.0,137400.0,130372.97,140900.0,17629.8,Nanofiber Internal Structure II,2605,C-J6MT,2025-12-15 16:32:08
302000.0,374000.0,357207.19,302300.0,37974.69,140900.0,137400.0,130372.97,140900.0,17629.8,Nanofiber Internal Structure II,2605,C-J6MT,2025-12-15 17:26:54
301900.0,374000.0,357297.11,302300.0,37939.66,140900.0,137400.0,130372.97,140900.0,17629.8,Nanofiber Internal Structure II,2605,C-J6MT,2025-12-15 18:32:48
301900.0,374000.0,357435.19,302300.0,37883.09,140900.0,137400.0,130367.18,140900.0,17633.61,Nanofiber Internal Structure II,2605,C-J6MT,2025-12-15 19:22:26
302000.0,374000.0,357701.7,302300.0,37772.52,140900.0,137400.0,130367.18,140900.0,17633.61,Nanofiber Internal Structure II,2605,C-J6MT,2025-12-15 20:24:48
302300.0,374000.0,357748.23,302300.0,37753.08,140900.0,137400.0,130355.59,140900.0,17641.25,Nanofiber Internal Structure II,2605,C-J6MT,2025-12-15 21:20:58
302200.0,374000.0,357667.12,302300.0,37786.69,140900.0,137400.0,130355.59,140900.0,17641.25,Nanofiber Internal Structure II,2605,C-J6MT,2025-12-15 22:22:40
302200.0,374000.0,357736.59,302300.0,37757.95,140900.0,137400.0,130355.59,140900.0,17641.25,Nanofiber Internal Structure II,2605,C-J6MT,2025-12-15 23:21:29
302000.0,374000.0,356449.4,302100.0,38275.49,140900.0,137400.0,130355.59,140900.0,17641.25,Nanofiber Internal Structure II,2605,C-J6MT,2025-12-16 01:30:15
302100.0,374000.0,356616.23,302100.0,38211.47,140900.0,137400.0,130355.59,140900.0,17641.25,Nanofiber Internal Structure II,2605,C-J6MT,2025-12-16 03:25:39
302000.0,356500.0,355632.71,302000.0,38585.48,140900.0,137400.0,130343.98,140900.0,17648.9,Nanofiber Internal Structure II,2605,C-J6MT,2025-12-16 04:36:58
301900.0,356500.0,355643.3,302000.0,38581.82,140900.0,137400.0,130343.98,140900.0,17648.9,Nanofiber Internal Structure II,2605,C-J6MT,2025-12-16 05:24:46
302000.0,356900.0,355718.96,302000.0,38554.33,140900.0,137400.0,130343.98,140900.0,17648.9,Nanofiber Internal Structure II,2605,C-J6MT,2025-12-16 06:34:46
301800.0,356500.0,355599.78,302000.0,38597.9,140900.0,137400.0,130343.98,140900.0,17648.9,Nanofiber Internal Structure II,2605,C-J6MT,2025-12-16 07:25:18
301800.0,356500.0,355632.23,302000.0,38586.07,140900.0,137400.0,130343.98,140900.0,17648.9,Nanofiber Internal Structure II,2605,C-J6MT,2025-12-16 08:31:04
301800.0,356500.0,355686.4,302000.0,38566.27,140900.0,137400.0,130343.98,140900.0,17648.9,Nanofiber Internal Structure II,2605,C-J6MT,2025-12-16 09:28:36
302000.0,371700.0,355816.46,302000.0,38518.74,140900.0,137400.0,130343.98,140900.0,17648.9,Nanofiber Internal Structure II,2605,C-J6MT,2025-12-16 10:26:20
302000.0,371700.0,355838.18,302000.0,38510.78,140900.0,137400.0,130343.98,140900.0,17648.9,Nanofiber Internal Structure II,2605,C-J6MT,2025-12-16 11:21:57
302000.0,373400.0,356188.03,302000.0,38380.84,140900.0,137400.0,130338.16,140900.0,17652.72,Nanofiber Internal Structure II,2605,C-J6MT,2025-12-16 12:44:01
302000.0,374000.0,356364.67,302000.0,38314.0,140900.0,137400.0,130338.16,140900.0,17652.72,Nanofiber Internal Structure II,2605,C-J6MT,2025-12-16 13:40:50
302000.0,374000.0,356375.74,302000.0,38309.78,140900.0,137400.0,130338.16,140900.0,17652.72,Nanofiber Internal Structure II,2605,C-J6MT,2025-12-16 14:24:43
302000.0,374000.0,356564.76,302000.0,38237.28,140900.0,137400.0,130338.16,140900.0,17652.72,Nanofiber Internal Structure II,2605,C-J6MT,2025-12-16 15:25:28
302000.0,374000.0,356642.97,302000.0,38207.0,140900.0,137400.0,130332.34,140900.0,17656.55,Nanofiber Internal Structure II,2605,C-J6MT,2025-12-16 16:30:45
302000.0,374000.0,356710.19,302000.0,38180.85,140900.0,137400.0,130332.34,140900.0,17656.55,Nanofiber Internal Structure II,2605,C-J6MT,2025-12-16 17:25:35
301900.0,374000.0,356452.75,302000.0,38280.93,140900.0,137400.0,130332.34,140900.0,17656.55,Nanofiber Internal Structure II,2605,C-J6MT,2025-12-16 18:32:59
301900.0,374000.0,356541.96,302000.0,38246.5,140900.0,137400.0,130332.34,140900.0,17656.55,Nanofiber Internal Structure II,2605,C-J6MT,2025-12-16 19:21:01
301800.0,374000.0,356605.06,301800.0,38225.5,140900.0,137400.0,130332.34,140900.0,17656.55,Nanofiber Internal Structure II,2605,C-J6MT,2025-12-16 20:26:08
301800.0,374000.0,356728.74,301800.0,38176.99,140900.0,137400.0,130332.34,140900.0,17656.55,Nanofiber Internal Structure II,2605,C-J6MT,2025-12-16 21:23:11
301000.0,371700.0,355888.47,301000.0,38510.22,140900.0,137400.0,130332.34,140900.0,17656.55,Nanofiber Internal Structure II,2605,C-J6MT,2025-12-16 22:21:08
300900.0,371700.0,355855.09,301000.0,38523.12,140900.0,137400.0,130332.34,140900.0,17656.55,Nanofiber Internal Structure II,2605,C-J6MT,2025-12-16 23:21:09
300400.0,373400.0,355951.86,300800.0,38517.38,140900.0,137400.0,130332.34,140900.0,17656.55,Nanofiber Internal Structure II,2605,C-J6MT,2025-12-17 01:26:53
300700.0,373400.0,356215.16,300800.0,38429.04,140900.0,137400.0,130332.34,140900.0,17656.55,Nanofiber Internal Structure II,2605,C-J6MT,2025-12-17 03:21:55
300700.0,373400.0,356260.47,300800.0,38410.99,140900.0,137400.0,130332.34,140900.0,17656.55,Nanofiber Internal Structure II,2605,C-J6MT,2025-12-17 04:34:59
300600.0,374000.0,356331.99,300600.0,38399.0,140900.0,137400.0,130332.34,140900.0,17656.55,Nanofiber Internal Structure II,2605,C-J6MT,2025-12-17 05:24:15
300600.0,374000.0,356366.19,300600.0,38385.23,140900.0,137400.0,130332.34,140900.0,17656.55,Nanofiber Internal Structure II,2605,C-J6MT,2025-12-17 06:33:48
300600.0,374000.0,356389.01,300600.0,38376.02,140900.0,137400.0,130332.34,140900.0,17656.55,Nanofiber Internal Structure II,2605,C-J6MT,2025-12-17 07:23:54
300600.0,374000.0,356400.43,300600.0,38371.41,140900.0,137400.0,130326.51,140900.0,17660.38,Nanofiber Internal Structure II,2605,C-J6MT,2025-12-17 08:31:30
300600.0,374000.0,356434.71,300600.0,38357.54,140900.0,137400.0,130326.51,140900.0,17660.38,Nanofiber Internal Structure II,2605,C-J6MT,2025-12-17 09:29:37
300500.0,374000.0,356433.06,300600.0,38359.65,140900.0,137400.0,130326.51,140900.0,17660.38,Nanofiber Internal Structure II,2605,C-J6MT,2025-12-17 10:25:35
300500.0,374000.0,356651.57,300600.0,38270.16,140900.0,137400.0,130326.51,140900.0,17660.38,Nanofiber Internal Structure II,2605,C-J6MT,2025-12-17 11:22:08
300600.0,374000.0,356871.77,300600.0,38178.69,140900.0,137400.0,130291.4,140900.0,17683.41,Nanofiber Internal Structure II,2605,C-J6MT,2025-12-17 12:44:32
300600.0,374000.0,356964.83,300800.0,38139.79,140900.0,137400.0,130291.4,140900.0,17683.41,Nanofiber Internal Structure II,2605,C-J6MT,2025-12-17 13:35:34
300600.0,374000.0,357046.51,300800.0,38105.45,140900.0,137400.0,130291.4,140900.0,17683.41,Nanofiber Internal Structure II,2605,C-J6MT,2025-12-17 14:23:48
300600.0,374000.0,357151.88,300800.0,38060.88,140900.0,137400.0,130285.52,140900.0,17687.26,Nanofiber Internal Structure II,2605,C-J6MT,2025-12-17 15:25:23
300600.0,374000.0,357257.64,300800.0,38015.85,140900.0,137400.0,130279.64,140900.0,17691.11,Nanofiber Internal Structure II,2605,C-J6MT,2025-12-17 16:30:09
300600.0,374000.0,357375.61,300800.0,37965.24,140900.0,137400.0,130267.86,140900.0,17698.81,Nanofiber Internal Structure II,2605,C-J6MT,2025-12-17 17:24:56
300800.0,374000.0,357541.55,300800.0,37893.45,140900.0,137400.0,130267.86,140900.0,17698.81,Nanofiber Internal Structure II,2605,C-J6MT,2025-12-17 18:33:30
300800.0,374000.0,357767.51,300800.0,37795.19,140900.0,137400.0,130267.86,140900.0,17698.81,Nanofiber Internal Structure II,2605,C-J6MT,2025-12-17 19:21:10
300800.0,374000.0,357947.17,300800.0,37716.04,140900.0,137400.0,130267.86,140900.0,17698.81,Nanofiber Internal Structure II,2605,C-J6MT,2025-12-17 20:25:13
300800.0,374000.0,358140.05,301000.0,37630.06,140900.0,137400.0,130267.86,140900.0,17698.81,Nanofiber Internal Structure II,2605,C-J6MT,2025-12-17 21:22:07
300800.0,374800.0,358261.27,301000.0,37575.5,141000.0,137400.0,130315.36,140900.0,17668.34,Nanofiber Internal Structure II,2605,C-J6MT,2025-12-17 22:21:05
300500.0,374000.0,357766.46,300800.0,37796.57,141200.0,137400.0,130407.11,141000.0,17621.85,Nanofiber Internal Structure II,2605,C-J6MT,2025-12-17 23:21:54
300400.0,374000.0,357467.25,300700.0,37928.38,141200.0,137400.0,130401.19,141000.0,17625.58,Nanofiber Internal Structure II,2605,C-J6MT,2025-12-18 01:26:09
300400.0,374000.0,357562.65,300700.0,37886.62,141200.0,137400.0,130401.19,141000.0,17625.58,Nanofiber Internal Structure II,2605,C-J6MT,2025-12-18 03:23:10
300200.0,374000.0,356562.22,300300.0,38314.42,141200.0,137400.0,130401.19,141000.0,17625.58,Nanofiber Internal Structure II,2605,C-J6MT,2025-12-18 04:35:29
300300.0,374000.0,356596.98,300300.0,38299.99,141200.0,137400.0,130401.19,141000.0,17625.58,Nanofiber Internal Structure II,2605,C-J6MT,2025-12-18 05:24:28
300300.0,374000.0,356631.71,300300.0,38285.58,141200.0,137400.0,130401.19,141000.0,17625.58,Nanofiber Internal Structure II,2605,C-J6MT,2025-12-18 06:34:04
300100.0,374000.0,356666.35,300300.0,38271.3,141200.0,137400.0,130401.19,141000.0,17625.58,Nanofiber Internal Structure II,2605,C-J6MT,2025-12-18 07:23:47
300300.0,374000.0,356712.82,300300.0,38251.9,141200.0,137400.0,130401.19,141000.0,17625.58,Nanofiber Internal Structure II,2605,C-J6MT,2025-12-18 08:33:54
300300.0,374000.0,356782.61,300300.0,38222.71,141200.0,137400.0,130401.19,141000.0,17625.58,Nanofiber Internal Structure II,2605,C-J6MT,2025-12-18 09:28:14
300300.0,374000.0,356817.57,300300.0,38208.03,141200.0,137400.0,130401.19,141000.0,17625.58,Nanofiber Internal Structure II,2605,C-J6MT,2025-12-18 10:25:22
300300.0,374000.0,356887.62,300300.0,38178.53,141200.0,137400.0,130401.19,141000.0,17625.58,Nanofiber Internal Structure II,2605,C-J6MT,2025-12-18 11:21:29
300300.0,374000.0,357004.75,300300.0,38128.9,141200.0,137400.0,130401.19,141000.0,17625.58,Nanofiber Internal Structure II,2605,C-J6MT,2025-12-18 12:43:18
300300.0,374000.0,357004.75,300300.0,38128.9,141200.0,137400.0,130401.19,141000.0,17625.58,Nanofiber Internal Structure II,2605,C-J6MT,2025-12-18 13:38:44
300300.0,374000.0,357122.36,300300.0,38078.69,141200.0,137400.0,130401.19,141000.0,17625.58,Nanofiber Internal Structure II,2605,C-J6MT,2025-12-18 14:24:33
300300.0,374000.0,357252.31,300700.0,38022.78,141200.0,137400.0,130401.19,141000.0,17625.58,Nanofiber Internal Structure II,2605,C-J6MT,2025-12-18 15:24:26
280000.0,374000.0,357230.55,300700.0,38092.0,141200.0,137400.0,130401.19,141000.0,17625.58,Nanofiber Internal Structure II,2605,C-J6MT,2025-12-18 16:30:42
280000.0,374000.0,357228.22,300700.0,38058.3,141200.0,137400.0,130401.19,141000.0,17625.58,Nanofiber Internal Structure II,2605,C-J6MT,2025-12-18 17:24:53
300200.0,374000.0,357406.59,300700.0,37955.83,141200.0,137400.0,130401.19,141000.0,17625.58,Nanofiber Internal Structure II,2605,C-J6MT,2025-12-18 18:32:09
300300.0,374000.0,357454.29,300700.0,37934.94,141200.0,137400.0,130401.19,141000.0,17625.58,Nanofiber Internal Structure II,2605,C-J6MT,2025-12-18 19:19:43
300300.0,374000.0,356366.45,300300.0,38394.84,141200.0,137400.0,130401.19,141000.0,17625.58,Nanofiber Internal Structure II,2605,C-J6MT,2025-12-18 20:22:28
300300.0,374000.0,356446.77,300300.0,38362.07,141300.0,137400.0,130402.78,141200.0,17626.45,Nanofiber Internal Structure II,2605,C-J6MT,2025-12-18 21:20:24
300200.0,356500.0,355129.19,300200.0,38881.61,141300.0,137400.0,130402.78,141200.0,17626.45,Nanofiber Internal Structure II,2605,C-J6MT,2025-12-18 22:21:13
300100.0,356500.0,355167.98,300200.0,38871.48,141300.0,137400.0,130402.78,141200.0,17626.45,Nanofiber Internal Structure II,2605,C-J6MT,2025-12-18 23:21:54
300100.0,356500.0,355234.27,300200.0,38846.26,141300.0,137400.0,130390.82,141200.0,17633.86,Nanofiber Internal Structure II,2605,C-J6MT,2025-12-19 01:29:32
300100.0,356500.0,355300.73,300200.0,38820.87,141500.0,137400.0,130393.03,141300.0,17635.1,Nanofiber Internal Structure II,2605,C-J6MT,2025-12-19 03:25:25
300000.0,356500.0,355367.12,300200.0,38795.57,141500.0,137400.0,130380.85,141300.0,17642.4,Nanofiber Internal Structure II,2605,C-J6MT,2025-12-19 04:36:23
300000.0,356500.0,355367.12,300200.0,38795.57,141500.0,137400.0,130380.85,141300.0,17642.4,Nanofiber Internal Structure II,2605,C-J6MT,2025-12-19 05:22:52
300000.0,356500.0,355434.03,300200.0,38769.66,141500.0,137400.0,130380.85,141300.0,17642.4,Nanofiber Internal Structure II,2605,C-J6MT,2025-12-19 06:33:34
300000.0,356500.0,355445.2,300200.0,38765.33,141500.0,137400.0,130380.85,141300.0,17642.4,Nanofiber Internal Structure II,2605,C-J6MT,2025-12-19 07:23:29
300100.0,356500.0,355945.39,300200.0,73341.91,141500.0,137400.0,130380.85,141300.0,17642.4,Nanofiber Internal Structure II,2605,C-J6MT,2025-12-19 08:30:18
300000.0,356500.0,355889.01,300200.0,73330.01,141600.0,137400.0,130385.07,141500.0,17644.72,Nanofiber Internal Structure II,2605,C-J6MT,2025-12-19 09:25:30
300000.0,356500.0,355889.01,300200.0,73330.01,141600.0,137400.0,130372.75,141500.0,17651.98,Nanofiber Internal Structure II,2605,C-J6MT,2025-12-19 10:24:01
290000.0,356500.0,355886.78,300200.0,73331.63,141600.0,137400.0,130372.75,141500.0,17651.98,Nanofiber Internal Structure II,2605,C-J6MT,2025-12-19 11:19:56
300100.0,356500.0,355979.2,300200.0,73349.09,141600.0,137400.0,130372.75,141500.0,17651.98,Nanofiber Internal Structure II,2605,C-J6MT,2025-12-19 12:42:07
300200.0,371700.0,356080.79,300200.0,73370.63,141600.0,137400.0,130372.75,141500.0,17651.98,Nanofiber Internal Structure II,2605,C-J6MT,2025-12-19 13:34:41
300200.0,371700.0,356182.64,300200.0,73392.17,141600.0,137400.0,130372.75,141500.0,17651.98,Nanofiber Internal Structure II,2605,C-J6MT,2025-12-19 14:22:03
300200.0,373400.0,356273.49,300200.0,73411.27,141600.0,137400.0,130341.85,141300.0,17670.14,Nanofiber Internal Structure II,2605,C-J6MT,2025-12-19 15:23:08
300200.0,373400.0,356284.87,300200.0,73413.65,141500.0,137400.0,130372.33,141500.0,17651.73,Nanofiber Internal Structure II,2605,C-J6MT,2025-12-19 16:28:06
300200.0,373400.0,356433.18,300200.0,73444.56,141500.0,137400.0,130360.09,141500.0,17659.05,Nanofiber Internal Structure II,2605,C-J6MT,2025-12-19 17:20:59
300200.0,373400.0,356524.85,300200.0,73463.5,141500.0,137400.0,130360.09,141500.0,17659.05,Nanofiber Internal Structure II,2605,C-J6MT,2025-12-19 18:31:17
300100.0,356500.0,355353.7,300100.0,73214.63,141500.0,137400.0,130360.09,141500.0,17659.05,Nanofiber Internal Structure II,2605,C-J6MT,2025-12-19 19:18:53
300100.0,356500.0,355442.06,300100.0,73234.09,141500.0,137400.0,130360.09,141500.0,17659.05,Nanofiber Internal Structure II,2605,C-J6MT,2025-12-19 20:24:03
300100.0,356500.0,355787.08,300100.0,73309.04,141600.0,137400.0,130361.36,141500.0,17659.77,Nanofiber Internal Structure II,2605,C-J6MT,2025-12-19 21:20:29
300100.0,356500.0,355820.7,300100.0,73316.25,141600.0,137400.0,130361.36,141500.0,17659.77,Nanofiber Internal Structure II,2605,C-J6MT,2025-12-19 22:21:44
299700.0,356500.0,355929.78,300000.0,73352.37,141600.0,137400.0,130361.36,141500.0,17659.77,Nanofiber Internal Structure II,2605,C-J6MT,2025-12-19 23:21:29
299700.0,356500.0,355425.81,299900.0,73244.92,141700.0,137400.0,130363.26,141700.0,17660.87,Nanofiber Internal Structure II,2605,C-J6MT,2025-12-20 01:25:24
299900.0,356500.0,355548.69,300000.0,73270.98,141700.0,137400.0,130357.03,141600.0,17664.47,Nanofiber Internal Structure II,2605,C-J6MT,2025-12-20 03:17:44
299900.0,356500.0,355660.43,300000.0,73294.89,141700.0,137400.0,130357.03,141600.0,17664.47,Nanofiber Internal Structure II,2605,C-J6MT,2025-12-20 04:28:22
299900.0,356500.0,355705.25,300000.0,73304.42,141700.0,137400.0,130325.76,141600.0,17682.51,Nanofiber Internal Structure II,2605,C-J6MT,2025-12-20 05:22:18
299900.0,356500.0,355716.47,300000.0,73306.81,141700.0,137400.0,130300.62,140900.0,17696.98,Nanofiber Internal Structure II,2605,C-J6MT,2025-12-20 06:31:24
299900.0,356500.0,355817.62,300000.0,73328.21,141700.0,137400.0,130300.62,140900.0,17696.98,Nanofiber Internal Structure II,2605,C-J6MT,2025-12-20 07:20:35
299900.0,356500.0,355919.13,300000.0,73349.55,141700.0,137400.0,130300.62,140900.0,17696.98,Nanofiber Internal Structure II,2605,C-J6MT,2025-12-20 08:26:14
299900.0,356900.0,355998.35,300000.0,73366.1,141700.0,137400.0,130300.62,140900.0,17696.98,Nanofiber Internal Structure II,2605,C-J6MT,2025-12-20 09:21:25
299900.0,371700.0,356089.15,300000.0,73384.97,141700.0,137400.0,130300.62,140900.0,17696.98,Nanofiber Internal Structure II,2605,C-J6MT,2025-12-20 10:21:02
300000.0,373400.0,356351.36,300100.0,73439.23,141700.0,137400.0,130300.62,140900.0,17696.98,Nanofiber Internal Structure II,2605,C-J6MT,2025-12-20 11:18:17
300000.0,374000.0,356813.21,300100.0,73532.49,141700.0,137400.0,130300.62,140900.0,17696.98,Nanofiber Internal Structure II,2605,C-J6MT,2025-12-20 12:38:07
300000.0,374000.0,356883.14,300100.0,73546.36,141700.0,137400.0,130294.32,140900.0,17700.6,Nanofiber Internal Structure II,2605,C-J6MT,2025-12-20 13:28:38
300100.0,374000.0,356953.15,300300.0,73560.25,141700.0,137400.0,130294.32,140900.0,17700.6,Nanofiber Internal Structure II,2605,C-J6MT,2025-12-20 14:19:41
300100.0,374000.0,357093.61,300300.0,73587.99,141700.0,137400.0,130294.32,140900.0,17700.6,Nanofiber Internal Structure II,2605,C-J6MT,2025-12-20 15:20:42
300100.0,374000.0,357270.15,300300.0,73622.47,141800.0,137400.0,130295.17,140900.0,17701.09,Nanofiber Internal Structure II,2605,C-J6MT,2025-12-20 16:25:28
300300.0,374000.0,357793.49,300300.0,73722.93,141800.0,137400.0,130288.81,140900.0,17704.68,Nanofiber Internal Structure II,2605,C-J6MT,2025-12-20 17:18:14
300300.0,374000.0,358058.2,300300.0,73772.82,141800.0,137400.0,130263.29,140900.0,17719.06,Nanofiber Internal Structure II,2605,C-J6MT,2025-12-20 18:27:10
300300.0,374000.0,358276.59,300300.0,73813.25,141700.0,137400.0,130224.96,140900.0,17740.78,Nanofiber Internal Structure II,2605,C-J6MT,2025-12-20 19:17:37
300300.0,374000.0,358484.37,300800.0,73851.12,141700.0,137400.0,130224.96,140900.0,17740.78,Nanofiber Internal Structure II,2605,C-J6MT,2025-12-20 20:21:56
300300.0,375000.0,358706.0,301000.0,73890.87,141700.0,137400.0,130224.96,140900.0,17740.78,Nanofiber Internal Structure II,2605,C-J6MT,2025-12-20 21:18:29
300300.0,376900.0,358867.11,301000.0,73919.34,141700.0,137400.0,130224.96,140900.0,17740.78,Nanofiber Internal Structure II,2605,C-J6MT,2025-12-20 22:19:47
300800.0,376900.0,358978.89,301000.0,73939.14,141700.0,137400.0,130218.57,140900.0,17744.42,Nanofiber Internal Structure II,2605,C-J6MT,2025-12-20 23:20:12
300700.0,376900.0,358467.87,300700.0,74392.89,141700.0,137400.0,130205.78,140900.0,17751.71,Nanofiber Internal Structure II,2605,C-J6MT,2025-12-21 01:44:22
300700.0,376900.0,358714.98,300700.0,74440.43,141700.0,137400.0,130205.78,140900.0,17751.71,Nanofiber Internal Structure II,2605,C-J6MT,2025-12-21 03:31:00
300700.0,376900.0,358914.19,300700.0,74478.14,141700.0,137400.0,130205.78,140900.0,17751.71,Nanofiber Internal Structure II,2605,C-J6MT,2025-12-21 04:38:52
300700.0,376900.0,358939.19,300700.0,74482.84,141700.0,137400.0,130205.78,140900.0,17751.71,Nanofiber Internal Structure II,2605,C-J6MT,2025-12-21 05:21:42
300700.0,376900.0,359051.95,300700.0,74503.91,141700.0,137400.0,130205.78,140900.0,17751.71,Nanofiber Internal Structure II,2605,C-J6MT,2025-12-21 06:30:55
300500.0,376900.0,358165.48,300500.0,74351.82,141700.0,137400.0,130205.78,140900.0,17751.71,Nanofiber Internal Structure II,2605,C-J6MT,2025-12-21 07:20:35
300500.0,376900.0,358324.85,300500.0,74382.73,141700.0,137400.0,130205.78,140900.0,17751.71,Nanofiber Internal Structure II,2605,C-J6MT,2025-12-21 08:26:34
300500.0,376900.0,358621.38,300500.0,74439.32,141700.0,137400.0,130205.78,140900.0,17751.71,Nanofiber Internal Structure II,2605,C-J6MT,2025-12-21 09:21:47
300500.0,376900.0,358695.99,300500.0,74453.37,141700.0,137400.0,130205.78,140900.0,17751.71,Nanofiber Internal Structure II,2605,C-J6MT,2025-12-21 10:21:32
300500.0,376900.0,358745.84,300500.0,74462.71,141800.0,137400.0,130270.0,140900.0,17715.66,Nanofiber Internal Structure II,2605,C-J6MT,2025-12-21 11:18:43
300500.0,376900.0,359109.78,300600.0,74529.92,141800.0,137400.0,130270.0,140900.0,17715.66,Nanofiber Internal Structure II,2605,C-J6MT,2025-12-21 12:39:03
300500.0,376900.0,359312.53,300700.0,74566.59,141800.0,137400.0,130270.0,140900.0,17715.66,Nanofiber Internal Structure II,2605,C-J6MT,2025-12-21 13:29:19
300600.0,376900.0,359465.37,300700.0,74593.99,141800.0,137400.0,130257.21,140900.0,17722.85,Nanofiber Internal Structure II,2605,C-J6MT,2025-12-21 14:19:51
300700.0,376900.0,360057.64,300800.0,74698.12,140900.0,137400.0,130145.26,140900.0,17790.45,Nanofiber Internal Structure II,2605,C-J6MT,2025-12-21 15:20:15
300600.0,376900.0,358895.96,300600.0,74490.59,141000.0,137400.0,130205.89,140900.0,17751.76,Nanofiber Internal Structure II,2605,C-J6MT,2025-12-21 16:24:26
300300.0,374000.0,356893.26,300400.0,74096.8,141000.0,137400.0,130205.89,140900.0,17751.76,Nanofiber Internal Structure II,2605,C-J6MT,2025-12-21 17:18:57
300300.0,374000.0,357034.48,300400.0,74126.21,141000.0,137400.0,130205.89,140900.0,17751.76,Nanofiber Internal Structure II,2605,C-J6MT,2025-12-21 18:28:49
300400.0,374000.0,357307.06,300400.0,74182.24,141000.0,137400.0,130205.89,140900.0,17751.76,Nanofiber Internal Structure II,2605,C-J6MT,2025-12-21 19:17:16
300400.0,374000.0,357473.98,300400.0,74216.3,141000.0,137400.0,130205.89,140900.0,17751.76,Nanofiber Internal Structure II,2605,C-J6MT,2025-12-21 20:23:33
300000.0,374000.0,356677.28,300000.0,74056.16,141000.0,137400.0,130205.89,140900.0,17751.76,Nanofiber Internal Structure II,2605,C-J6MT,2025-12-21 21:19:25
300000.0,374000.0,357042.89,300400.0,74130.96,141000.0,137400.0,130205.89,140900.0,17751.76,Nanofiber Internal Structure II,2605,C-J6MT,2025-12-21 22:20:38
300000.0,374000.0,357233.45,300400.0,74169.21,141000.0,137400.0,130181.72,140900.0,17767.21,Nanofiber Internal Structure II,2605,C-J6MT,2025-12-21 23:20:22
300100.0,374000.0,357093.02,300100.0,38833.38,141500.0,137400.0,130307.35,141400.0,17693.54,Nanofiber Internal Structure II,2605,C-J6MT,2025-12-22 01:43:42
300100.0,376900.0,357443.66,300100.0,38686.84,141500.0,137400.0,130307.35,141400.0,17693.54,Nanofiber Internal Structure II,2605,C-J6MT,2025-12-22 03:44:22
300000.0,376900.0,357480.15,300100.0,38671.42,141500.0,137400.0,130307.35,141400.0,17693.54,Nanofiber Internal Structure II,2605,C-J6MT,2025-12-22 04:41:17
300000.0,375000.0,357297.58,300100.0,38748.69,141500.0,137400.0,130307.35,141400.0,17693.54,Nanofiber Internal Structure II,2605,C-J6MT,2025-12-22 05:26:35
300000.0,375000.0,357333.99,300100.0,38733.37,141500.0,137400.0,130307.35,141400.0,17693.54,Nanofiber Internal Structure II,2605,C-J6MT,2025-12-22 06:35:48
300000.0,375000.0,357358.28,300100.0,38723.13,141500.0,137400.0,130307.35,141400.0,17693.54,Nanofiber Internal Structure II,2605,C-J6MT,2025-12-22 07:26:14
300000.0,376900.0,357431.28,300100.0,38692.25,141500.0,137400.0,130307.35,141400.0,17693.54,Nanofiber Internal Structure II,2605,C-J6MT,2025-12-22 08:31:11
300000.0,376900.0,357467.86,300100.0,38676.73,141500.0,137400.0,130307.35,141400.0,17693.54,Nanofiber Internal Structure II,2605,C-J6MT,2025-12-22 09:29:47
300100.0,376900.0,357626.71,300100.0,38609.03,141500.0,137400.0,130307.35,141400.0,17693.54,Nanofiber Internal Structure II,2605,C-J6MT,2025-12-22 10:24:11
300000.0,375000.0,357418.41,300100.0,38698.31,141500.0,137400.0,130307.35,141400.0,17693.54,Nanofiber Internal Structure II,2605,C-J6MT,2025-12-22 11:20:34
300000.0,376900.0,357466.79,300100.0,38678.11,141500.0,137400.0,130307.35,141400.0,17693.54,Nanofiber Internal Structure II,2605,C-J6MT,2025-12-22 12:43:05
299900.0,374000.0,355978.41,299900.0,39283.58,141500.0,137400.0,130307.35,141400.0,17693.54,Nanofiber Internal Structure II,2605,C-J6MT,2025-12-22 13:36:14
299800.0,356900.0,354606.41,299800.0,39792.92,141500.0,137400.0,130307.35,141400.0,17693.54,Nanofiber Internal Structure II,2605,C-J6MT,2025-12-22 14:22:33
299800.0,373400.0,354884.36,299800.0,39693.63,141500.0,137400.0,130307.35,141400.0,17693.54,Nanofiber Internal Structure II,2605,C-J6MT,2025-12-22 15:23:28
299800.0,373400.0,355120.02,299800.0,39607.91,141500.0,137400.0,130307.35,141400.0,17693.54,Nanofiber Internal Structure II,2605,C-J6MT,2025-12-22 16:27:26
299500.0,374000.0,355155.38,299500.0,39651.91,141500.0,137400.0,130307.35,141400.0,17693.54,Nanofiber Internal Structure II,2605,C-J6MT,2025-12-22 17:21:01
299500.0,374000.0,355372.12,299500.0,39570.81,141500.0,137400.0,130301.16,141400.0,17697.22,Nanofiber Internal Structure II,2605,C-J6MT,2025-12-22 18:32:14
299500.0,374000.0,355451.95,299500.0,39541.01,141500.0,137400.0,130301.16,141400.0,17697.22,Nanofiber Internal Structure II,2605,C-J6MT,2025-12-22 19:20:13
299400.0,374000.0,355523.81,299400.0,39530.94,141500.0,137400.0,130301.16,141400.0,17697.22,Nanofiber Internal Structure II,2605,C-J6MT,2025-12-22 20:24:15
299300.0,371700.0,354725.8,299300.0,39829.14,141500.0,137400.0,130301.16,141400.0,17697.22,Nanofiber Internal Structure II,2605,C-J6MT,2025-12-22 21:20:02
299300.0,373400.0,354838.23,299300.0,39788.27,141700.0,137400.0,130308.39,141600.0,17701.26,Nanofiber Internal Structure II,2605,C-J6MT,2025-12-22 22:21:49
299300.0,373400.0,354928.64,299300.0,39755.05,141700.0,137400.0,130295.79,141600.0,17708.51,Nanofiber Internal Structure II,2605,C-J6MT,2025-12-22 23:21:24
299300.0,374000.0,355190.22,299400.0,39657.76,141700.0,137400.0,130295.79,141600.0,17708.51,Nanofiber Internal Structure II,2605,C-J6MT,2025-12-23 01:30:28
299300.0,374000.0,355373.64,299400.0,39588.5,141700.0,137400.0,130295.79,141600.0,17708.51,Nanofiber Internal Structure II,2605,C-J6MT,2025-12-23 03:28:04
299300.0,374000.0,355477.35,299400.0,39548.96,141700.0,137400.0,130295.79,141600.0,17708.51,Nanofiber Internal Structure II,2605,C-J6MT,2025-12-23 04:39:36
299300.0,374000.0,355512.0,299400.0,39535.68,141700.0,137400.0,130321.2,141600.0,17842.8,Nanofiber Internal Structure II,2605,C-J6MT,2025-12-23 05:25:46
299300.0,374000.0,355569.69,299400.0,39513.65,141700.0,137400.0,130321.2,141600.0,17842.8,Nanofiber Internal Structure II,2605,C-J6MT,2025-12-23 06:35:10
299300.0,374000.0,355581.27,299400.0,39509.19,141700.0,137400.0,130321.2,141600.0,17842.8,Nanofiber Internal Structure II,2605,C-J6MT,2025-12-23 07:25:38
299200.0,374000.0,355085.02,299400.0,39873.31,141600.0,137400.0,130276.48,141400.0,17869.23,Nanofiber Internal Structure II,2605,C-J6MT,2025-12-23 08:30:28
299100.0,373400.0,354514.19,299100.0,40100.68,141600.0,137400.0,130276.48,141400.0,17869.23,Nanofiber Internal Structure II,2605,C-J6MT,2025-12-23 09:26:45
299100.0,373400.0,354491.58,299100.0,40108.74,141700.0,137400.0,130340.57,141600.0,17831.67,Nanofiber Internal Structure II,2605,C-J6MT,2025-12-23 10:24:30
299100.0,373400.0,354502.88,299100.0,40104.72,141700.0,137400.0,130340.57,141600.0,17831.67,Nanofiber Internal Structure II,2605,C-J6MT,2025-12-23 11:21:09
299100.0,374000.0,354786.84,299100.0,40002.4,141700.0,137400.0,130340.57,141600.0,17831.67,Nanofiber Internal Structure II,2605,C-J6MT,2025-12-23 12:44:00
299100.0,374000.0,354889.78,299100.0,39964.81,141700.0,137400.0,130340.57,141600.0,17831.67,Nanofiber Internal Structure II,2605,C-J6MT,2025-12-23 13:37:47
299100.0,374000.0,354924.18,299100.0,39952.19,141700.0,137400.0,130340.57,141600.0,17831.67,Nanofiber Internal Structure II,2605,C-J6MT,2025-12-23 14:23:04
299100.0,374000.0,355050.66,299100.0,39905.52,141700.0,137400.0,130340.57,141600.0,17831.67,Nanofiber Internal Structure II,2605,C-J6MT,2025-12-23 15:23:45
299100.0,374000.0,355316.99,299100.0,39805.93,141800.0,137400.0,130404.48,141700.0,17794.61,Nanofiber Internal Structure II,2605,C-J6MT,2025-12-23 16:28:19
299100.0,374000.0,355656.42,299100.0,39676.38,141800.0,137400.0,130404.48,141700.0,17794.61,Nanofiber Internal Structure II,2605,C-J6MT,2025-12-23 17:22:08
298800.0,373400.0,354534.36,299000.0,40095.58,141800.0,137400.0,130404.48,141700.0,17794.61,Nanofiber Internal Structure II,2605,C-J6MT,2025-12-23 18:32:23
299000.0,374000.0,354579.83,299000.0,40079.14,141800.0,137400.0,130398.12,141700.0,17798.31,Nanofiber Internal Structure II,2605,C-J6MT,2025-12-23 19:19:29
298800.0,356900.0,353907.14,298800.0,40325.04,141800.0,137400.0,130398.12,141700.0,17798.31,Nanofiber Internal Structure II,2605,C-J6MT,2025-12-23 20:23:51
298800.0,371700.0,354085.76,298900.0,40262.71,141800.0,137400.0,130385.38,141600.0,17805.71,Nanofiber Internal Structure II,2605,C-J6MT,2025-12-23 21:20:52
298800.0,373400.0,354220.49,298900.0,40215.17,141800.0,137400.0,130385.38,141600.0,17805.71,Nanofiber Internal Structure II,2605,C-J6MT,2025-12-23 22:21:03
298800.0,373400.0,354491.92,298900.0,40118.02,141800.0,137400.0,130385.38,141600.0,17805.71,Nanofiber Internal Structure II,2605,C-J6MT,2025-12-23 23:21:22
298900.0,374000.0,354800.23,298900.0,40005.64,141800.0,137400.0,130385.38,141600.0,17805.71,Nanofiber Internal Structure II,2605,C-J6MT,2025-12-24 01:29:23
298900.0,374000.0,355088.41,299000.0,39898.71,141800.0,137400.0,130385.38,141600.0,17805.71,Nanofiber Internal Structure II,2605,C-J6MT,2025-12-24 03:25:32
298800.0,351500.0,353607.32,298800.0,40428.72,141700.0,137400.0,130340.57,141600.0,17831.67,Nanofiber Internal Structure II,2605,C-J6MT,2025-12-24 04:38:02
298800.0,351500.0,353618.33,298800.0,40424.99,141700.0,137400.0,130340.57,141600.0,17831.67,Nanofiber Internal Structure II,2605,C-J6MT,2025-12-24 05:26:02
298600.0,351500.0,353698.94,298600.0,40404.06,141700.0,137400.0,130334.19,141600.0,17835.42,Nanofiber Internal Structure II,2605,C-J6MT,2025-12-24 06:34:08
298600.0,351500.0,353821.2,298600.0,40361.72,141700.0,137400.0,130334.19,141600.0,17835.42,Nanofiber Internal Structure II,2605,C-J6MT,2025-12-24 07:25:03
298600.0,356900.0,353921.63,298600.0,40326.66,141700.0,137400.0,130334.19,141600.0,17835.42,Nanofiber Internal Structure II,2605,C-J6MT,2025-12-24 08:31:29
298600.0,371700.0,354000.0,298600.0,40299.13,141700.0,137400.0,130334.19,141600.0,17835.42,Nanofiber Internal Structure II,2605,C-J6MT,2025-12-24 09:25:55
298500.0,371700.0,354077.79,298600.0,40272.33,141700.0,137400.0,130334.19,141600.0,17835.42,Nanofiber Internal Structure II,2605,C-J6MT,2025-12-24 10:23:14
298500.0,371700.0,354122.89,298800.0,40256.26,141700.0,137400.0,130334.19,141600.0,17835.42,Nanofiber Internal Structure II,2605,C-J6MT,2025-12-24 11:20:51
298600.0,374000.0,354554.16,298800.0,40100.66,141700.0,137400.0,130334.19,141600.0,17835.42,Nanofiber Internal Structure II,2605,C-J6MT,2025-12-24 12:42:32
298600.0,374000.0,354565.6,298800.0,40096.47,141700.0,137400.0,130334.19,141600.0,17835.42,Nanofiber Internal Structure II,2605,C-J6MT,2025-12-24 13:34:19
298600.0,374000.0,354634.33,298800.0,40071.23,141700.0,137400.0,130334.19,141600.0,17835.42,Nanofiber Internal Structure II,2605,C-J6MT,2025-12-24 14:21:00
298500.0,374000.0,354611.24,298800.0,40079.85,141800.0,137400.0,130398.17,141700.0,17798.34,Nanofiber Internal Structure II,2605,C-J6MT,2025-12-24 15:23:51
298500.0,374000.0,354668.71,298800.0,40058.59,141800.0,137400.0,130385.43,141600.0,17805.74,Nanofiber Internal Structure II,2605,C-J6MT,2025-12-24 16:27:32
298800.0,374000.0,354967.91,298800.0,39947.86,141800.0,137400.0,130385.43,141600.0,17805.74,Nanofiber Internal Structure II,2605,C-J6MT,2025-12-24 17:19:15
298800.0,374000.0,355060.55,298800.0,39913.18,141800.0,137400.0,130385.43,141600.0,17805.74,Nanofiber Internal Structure II,2605,C-J6MT,2025-12-24 18:30:45
298800.0,374000.0,355165.13,298800.0,39873.77,141900.0,137400.0,130386.4,141600.0,17806.3,Nanofiber Internal Structure II,2605,C-J6MT,2025-12-24 19:17:45
298800.0,374000.0,355196.46,298800.0,39863.6,141900.0,137400.0,130360.62,141600.0,17821.0,Nanofiber Internal Structure II,2605,C-J6MT,2025-12-24 20:24:06
298800.0,374000.0,355371.86,298800.0,39796.73,141900.0,137400.0,130354.16,141600.0,17824.68,Nanofiber Internal Structure II,2605,C-J6MT,2025-12-24 21:21:01
298800.0,374000.0,355642.94,298800.0,39691.85,141900.0,137400.0,130354.16,141600.0,17824.68,Nanofiber Internal Structure II,2605,C-J6MT,2025-12-24 22:21:15
298800.0,374000.0,355844.98,298900.0,39612.45,141900.0,137400.0,130354.16,141600.0,17824.68,Nanofiber Internal Structure II,2605,C-J6MT,2025-12-24 23:20:45
298900.0,374000.0,356471.69,299100.0,39359.66,141900.0,137400.0,130354.16,141600.0,17824.68,Nanofiber Internal Structure II,2605,C-J6MT,2025-12-25 01:30:30
296900.0,374000.0,356368.5,299100.0,39407.15,141900.0,137400.0,130354.16,141600.0,17824.68,Nanofiber Internal Structure II,2605,C-J6MT,2025-12-25 03:28:27
299100.0,376900.0,356911.87,299200.0,39177.54,141900.0,137400.0,130354.16,141600.0,17824.68,Nanofiber Internal Structure II,2605,C-J6MT,2025-12-25 04:39:15
299100.0,376900.0,356936.49,299200.0,39167.22,141900.0,137400.0,130354.16,141600.0,17824.68,Nanofiber Internal Structure II,2605,C-J6MT,2025-12-25 05:25:23
299100.0,376900.0,357059.92,299200.0,39115.28,141900.0,137400.0,130354.16,141600.0,17824.68,Nanofiber Internal Structure II,2605,C-J6MT,2025-12-25 06:33:48
299100.0,376900.0,357121.83,299200.0,39089.07,141900.0,137400.0,130354.16,141600.0,17824.68,Nanofiber Internal Structure II,2605,C-J6MT,2025-12-25 07:23:26
299100.0,376900.0,357134.23,299200.0,39083.81,141900.0,137400.0,130354.16,141600.0,17824.68,Nanofiber Internal Structure II,2605,C-J6MT,2025-12-25 08:29:49
299100.0,376900.0,357171.46,299200.0,39068.0,141900.0,137400.0,130354.16,141600.0,17824.68,Nanofiber Internal Structure II,2605,C-J6MT,2025-12-25 09:24:31
290000.0,376900.0,357137.28,299200.0,39110.74,142000.0,137400.0,130355.02,141600.0,17825.19,Nanofiber Internal Structure II,2605,C-J6MT,2025-12-25 10:24:09
299000.0,376900.0,357255.82,299200.0,39054.06,142000.0,137400.0,130335.43,141600.0,17836.15,Nanofiber Internal Structure II,2605,C-J6MT,2025-12-25 11:19:36
299100.0,376900.0,357405.89,299200.0,38989.49,142000.0,137400.0,130335.43,141600.0,17836.15,Nanofiber Internal Structure II,2605,C-J6MT,2025-12-25 12:41:26
299100.0,376900.0,357481.12,299200.0,38956.97,142000.0,137400.0,130335.43,141600.0,17836.15,Nanofiber Internal Structure II,2605,C-J6MT,2025-12-25 13:33:59
299200.0,376900.0,357707.86,299500.0,38858.17,142000.0,137400.0,130335.43,141600.0,17836.15,Nanofiber Internal Structure II,2605,C-J6MT,2025-12-25 14:21:10
299200.0,376900.0,357974.27,299500.0,38740.62,142000.0,137400.0,130335.43,141600.0,17836.15,Nanofiber Internal Structure II,2605,C-J6MT,2025-12-25 15:22:33
299200.0,376900.0,358050.83,299500.0,38706.48,142100.0,137400.0,130329.26,141600.0,17840.03,Nanofiber Internal Structure II,2605,C-J6MT,2025-12-25 16:26:51
299200.0,376900.0,358153.22,299500.0,38660.58,142100.0,137400.0,130329.26,141600.0,17840.03,Nanofiber Internal Structure II,2605,C-J6MT,2025-12-25 17:19:53
299400.0,376900.0,358128.02,299500.0,38671.53,142100.0,137400.0,130329.26,141600.0,17840.03,Nanofiber Internal Structure II,2605,C-J6MT,2025-12-25 18:30:13
299500.0,376900.0,358255.9,299500.0,38614.32,142100.0,137400.0,130329.26,141600.0,17840.03,Nanofiber Internal Structure II,2605,C-J6MT,2025-12-25 19:17:56
299500.0,376900.0,358448.44,299500.0,38527.62,142100.0,137400.0,130329.26,141600.0,17840.03,Nanofiber Internal Structure II,2605,C-J6MT,2025-12-25 20:24:21
299500.0,376900.0,358538.72,299500.0,38486.62,142100.0,137400.0,130329.26,141600.0,17840.03,Nanofiber Internal Structure II,2605,C-J6MT,2025-12-25 21:20:24
299500.0,376900.0,358759.13,299500.0,38385.58,142100.0,137400.0,130322.65,141600.0,17843.65,Nanofiber Internal Structure II,2605,C-J6MT,2025-12-25 22:21:37
299500.0,376900.0,358811.23,299500.0,38361.5,142100.0,137400.0,130322.65,141600.0,17843.65,Nanofiber Internal Structure II,2605,C-J6MT,2025-12-25 23:21:42
299500.0,376900.0,359046.82,299500.0,38251.67,142000.0,137400.0,130296.27,141400.0,17858.23,Nanofiber Internal Structure II,2605,C-J6MT,2025-12-26 01:29:54
299500.0,376900.0,359350.58,299500.0,38107.77,142000.0,137400.0,130296.27,141400.0,17858.23,Nanofiber Internal Structure II,2605,C-J6MT,2025-12-26 03:26:12
299500.0,376900.0,359483.61,299500.0,38043.93,142000.0,137400.0,130296.27,141400.0,17858.23,Nanofiber Internal Structure II,2605,C-J6MT,2025-12-26 04:38:11
299400.0,376900.0,359323.7,299500.0,38120.91,142000.0,137400.0,130296.27,141400.0,17858.23,Nanofiber Internal Structure II,2605,C-J6MT,2025-12-26 05:23:37
299400.0,376900.0,359443.52,299500.0,38063.33,142000.0,137400.0,130283.08,141400.0,17865.56,Nanofiber Internal Structure II,2605,C-J6MT,2025-12-26 06:33:53
299400.0,376900.0,359496.93,299500.0,38037.54,142000.0,137400.0,130283.08,141400.0,17865.56,Nanofiber Internal Structure II,2605,C-J6MT,2025-12-26 07:23:17
299500.0,376900.0,359510.29,299500.0,38031.07,141600.0,137400.0,130276.48,141400.0,17869.23,Nanofiber Internal Structure II,2605,C-J6MT,2025-12-26 08:29:04
299500.0,376900.0,359563.72,299500.0,38005.25,141600.0,137400.0,130276.48,141400.0,17869.23,Nanofiber Internal Structure II,2605,C-J6MT,2025-12-26 09:23:35
299500.0,376900.0,359563.72,299500.0,38005.25,141600.0,137400.0,130276.48,141400.0,17869.23,Nanofiber Internal Structure II,2605,C-J6MT,2025-12-26 10:23:20
299500.0,376900.0,359630.64,299500.0,37972.8,141600.0,137400.0,130276.48,141400.0,17869.23,Nanofiber Internal Structure II,2605,C-J6MT,2025-12-26 11:20:14
299400.0,376900.0,359684.08,299500.0,37946.96,141700.0,137400.0,130340.57,141600.0,17831.67,Nanofiber Internal Structure II,2605,C-J6MT,2025-12-26 12:41:43
299400.0,376900.0,359737.92,299500.0,37920.6,141700.0,137400.0,130340.57,141600.0,17831.67,Nanofiber Internal Structure II,2605,C-J6MT,2025-12-26 13:34:56
299400.0,376900.0,359657.13,299500.0,37960.2,141700.0,137400.0,130340.57,141600.0,17831.67,Nanofiber Internal Structure II,2605,C-J6MT,2025-12-26 14:22:05
299500.0,376900.0,359845.77,299500.0,37867.61,141700.0,137400.0,130321.42,141600.0,17842.92,Nanofiber Internal Structure II,2605,C-J6MT,2025-12-26 15:22:15
299500.0,376900.0,360103.25,299500.0,37739.97,141700.0,137400.0,130321.42,141600.0,17842.92,Nanofiber Internal Structure II,2605,C-J6MT,2025-12-26 16:25:46
299400.0,376900.0,360144.04,299500.0,37719.64,141700.0,137400.0,130321.42,141600.0,17842.92,Nanofiber Internal Structure II,2605,C-J6MT,2025-12-26 17:19:57
299500.0,376900.0,360308.08,299500.0,37637.06,141700.0,137400.0,130315.02,141600.0,17846.67,Nanofiber Internal Structure II,2605,C-J6MT,2025-12-26 18:30:37
299500.0,376900.0,360431.64,299500.0,37574.4,141700.0,137400.0,130315.02,141600.0,17846.67,Nanofiber Internal Structure II,2605,C-J6MT,2025-12-26 19:17:59
299500.0,376900.0,360708.02,299500.0,37432.61,141700.0,137400.0,136475.02,141600.0,2919.12,Nanofiber Internal Structure II,2605,C-J6MT,2025-12-26 20:23:09
289000.0,376900.0,360747.03,299500.0,37415.02,141700.0,137400.0,136475.02,141600.0,2919.12,Nanofiber Internal Structure II,2605,C-J6MT,2025-12-26 21:20:40
299500.0,376900.0,360811.27,299500.0,37393.19,141700.0,137400.0,136475.02,141600.0,2919.12,Nanofiber Internal Structure II,2605,C-J6MT,2025-12-26 22:21:18
299500.0,376900.0,360923.91,299500.0,37334.45,141800.0,137400.0,136507.29,141600.0,2939.51,Nanofiber Internal Structure II,2605,C-J6MT,2025-12-26 23:21:37
299500.0,376900.0,361450.32,299500.0,37054.98,141800.0,137400.0,136500.87,141600.0,2935.49,Nanofiber Internal Structure II,2605,C-J6MT,2025-12-27 01:27:52
299500.0,376900.0,361651.86,299500.0,36945.77,141800.0,137400.0,136500.87,141600.0,2935.49,Nanofiber Internal Structure II,2605,C-J6MT,2025-12-27 03:25:07
299500.0,376900.0,361782.11,299500.0,36874.53,141800.0,137400.0,136500.87,141600.0,2935.49,Nanofiber Internal Structure II,2605,C-J6MT,2025-12-27 04:34:12
299500.0,376900.0,361840.18,299500.0,36842.61,141800.0,137400.0,136500.87,141600.0,2935.49,Nanofiber Internal Structure II,2605,C-J6MT,2025-12-27 05:22:47
299500.0,376900.0,362146.79,299500.0,36672.31,141800.0,137400.0,136500.87,141600.0,2935.49,Nanofiber Internal Structure II,2605,C-J6MT,2025-12-27 06:32:20
299500.0,376900.0,362279.12,299500.0,36597.91,141800.0,137400.0,136500.87,141600.0,2935.49,Nanofiber Internal Structure II,2605,C-J6MT,2025-12-27 07:20:30
299500.0,376900.0,362426.81,299500.0,36514.24,141800.0,137400.0,136500.87,141600.0,2935.49,Nanofiber Internal Structure II,2605,C-J6MT,2025-12-27 08:27:14
299500.0,376900.0,362515.76,299500.0,36463.51,141800.0,137400.0,136500.87,141600.0,2935.49,Nanofiber Internal Structure II,2605,C-J6MT,2025-12-27 09:21:57
299500.0,376900.0,362649.65,299500.0,36386.68,141800.0,137400.0,136500.87,141600.0,2935.49,Nanofiber Internal Structure II,2605,C-J6MT,2025-12-27 10:22:30
290000.0,376900.0,362811.55,299500.0,36295.51,141800.0,137400.0,136500.87,141600.0,2935.49,Nanofiber Internal Structure II,2605,C-J6MT,2025-12-27 11:17:51
299500.0,376900.0,363221.28,299500.0,36052.25,141800.0,137400.0,136500.87,141600.0,2935.49,Nanofiber Internal Structure II,2605,C-J6MT,2025-12-27 12:40:01
299500.0,376900.0,363282.05,299500.0,36016.07,141800.0,137400.0,136500.87,141600.0,2935.49,Nanofiber Internal Structure II,2605,C-J6MT,2025-12-27 13:30:51
299500.0,376900.0,363510.98,299500.0,35878.72,141800.0,137400.0,136500.87,141600.0,2935.49,Nanofiber Internal Structure II,2605,C-J6MT,2025-12-27 14:20:15
299500.0,376900.0,363649.12,299500.0,35795.0,141800.0,137400.0,136500.87,141600.0,2935.49,Nanofiber Internal Structure II,2605,C-J6MT,2025-12-27 15:20:15
299500.0,376900.0,363896.19,299500.0,35643.7,141800.0,137400.0,136500.87,141600.0,2935.49,Nanofiber Internal Structure II,2605,C-J6MT,2025-12-27 16:25:17
